Correct Results: 347 | Wrong Results: 153

1424
763
917
1117
357
881
1626
647
1765
441
1350
1561
899
630
264
252
1254
1741
789
932
368
690
1246
869
361
1307
768
613
1362
1414
359
1238
445
1654
1037
378
169
1055
1386
442
1576
1531
1290
1289
846
859
1315
455
874
1111
198
1239
1071
1277
600
1157
70
984
970
754
552
990
826
1203
1204
901
1321
1545
1182
1039
843
1286
1510
946
570
806
1512
596
1385
797
1414
1345
1394
1311
893
1983
736
200
902
566
1216
683
1049
1346
981
980
1800
117
955
748
1612
884
822
1073
440
547
355
702
1040
1050
992
899
1292
1027
833
795
743
637
1887
440
1474
1378
201
1009
1111
1137
209
1230
1073
959
1642
1512
241
1482
1408
1246
866
1594
529
1276
512
918
574
625
560
895
230
1466
1813
946
1500
1078
266
300
891
826
439
836
932
651
1765
1568
1715
872
1521
649
1587
790
1096
736
706
1019
1164
1457
1084
1462
1853
425
1427
657
907
1604
1474
506
823
1484
162
1609
1016
471
960
749
541
24
1002
1330
1401
1510
311
1039
341
1489
497
445
1143
1112
1727
415
897
690
905
974
1468
469
1061
445
1782
155
165
831
1083
1407
1346
905
944
237
619
265
452
1293
1359
429
392
719
510
929
1434
1309
1391
993
1665
858
1078
1485
1756
733
1329
1139
943
1579
678
471
764
728
702
833
125
894
754
1543
760
1803
511
1323
1469
1852
124
926
592
120
916
1371
289
225
500
1083
945
1349
890
565
1694
1073
1323
624
858
664
564
1382
1744
646
1262
577
1146
1465
542
1496
818
888
1436
1082
392
1035
732
1215
1644
369
1132
1430
403
1532
612
1472
454
1802
988
1123
1371
625
1851
1481
476
1130
1214
286
1032
1046
854
1189
1248
917
1580
793
1367
1027
352
1029
1502
1795
606
614
796
663
1493
752
1178
1806
680
1091
1073
613
1332
462
1665
769
506
1047
812
1069
324
648
796
1517
844
1035
1275
1681
1040
835
1137
1021
957
805
1251
312
386
1685
1845
1668
1802
961
491
1397
939
1638
1136
1299
971
493
198
519
1139
647
1178
516
1943
1031
517
1210
1349
1138
281
1597
1391
1182
1464
255
954
728
612
218
862
997
622
733
1326
1295
699
424
1221
1195
746
1020
685
1296
1801
397
1422
616
1338
1505
1338
1118
804
1665
1385
1280
1420
229
1948
1392
892
673
323
1444
827
1430
1006
217
752
442
1782
1044
846
688
513
848
725
1280
1018
1307
1347
1363
692
1014
1281
1315
588
1588
979
1297
648
1194
1319
785
640
1191
1424
961
1557
918
1328
983
1560
1871
1862
1067
971
1051
948
1201
810
863
336
726
1146
593
1249
1654
1171
800
