Correct Results: 6974 | Wrong Results: 3026

758
1386
609
1068
1259
1669
494
611
970
865
866
943
681
1460
825
978
1046
1324
1004
788
1248
811
568
516
948
1309
108
736
1535
726
1156
100
1096
1847
1077
568
554
998
1584
1113
857
596
1366
710
822
758
753
1485
1087
1197
191
455
255
528
840
674
791
207
765
284
1394
719
912
1675
1371
958
1708
1634
791
1003
1080
941
401
713
1168
1697
1239
1163
1063
929
191
444
1069
1022
1691
1221
1611
1663
1144
711
798
542
518
273
1421
1527
619
426
1464
720
392
970
1088
106
1724
1150
931
1215
493
1085
1300
1444
1236
292
533
541
982
1023
825
1145
886
767
847
1310
282
1176
1102
1072
733
874
851
714
283
761
1119
1049
519
1336
1680
1602
1296
898
1465
666
1244
1495
278
537
1326
1430
703
161
1482
523
1828
1226
448
750
918
423
85
1542
362
990
404
1038
845
1471
528
502
1313
822
1092
993
427
275
1048
283
775
1634
1442
1164
1805
1118
1627
871
1402
878
698
1327
399
1285
799
1281
1288
296
1292
952
379
1126
1004
1111
608
1173
896
953
149
1523
968
528
1319
1406
1561
1316
1624
1083
1193
1036
900
632
1913
615
717
411
1393
1162
591
744
1590
589
1301
682
785
571
1595
1425
764
560
260
1090
696
913
827
1093
1001
173
226
573
752
666
1171
439
1295
1651
1372
730
1108
1447
1330
1232
635
1448
927
1312
1152
1879
1128
967
931
786
1308
864
1121
792
908
1281
1155
740
468
1272
954
624
875
1580
923
398
1060
839
1651
47
1317
1896
358
567
489
988
1551
1400
584
841
1628
1016
839
808
1247
792
1740
653
338
927
499
268
290
1883
520
960
854
494
906
1216
1388
500
848
632
517
908
1701
1693
601
1668
877
1389
802
106
1661
436
907
946
1091
1165
1040
850
1394
1364
1191
798
1859
1836
1165
1030
1789
829
1081
973
805
918
1139
1005
1277
967
1112
842
1640
1235
1059
947
1708
1330
1300
1365
494
854
675
1554
874
745
1218
551
1712
1105
1811
1591
360
981
413
1354
1229
1077
821
539
1440
925
1313
814
1961
1061
1249
927
1230
793
1424
1069
1320
789
1096
809
990
1784
793
1005
1655
1610
1133
1588
595
934
1171
212
910
1519
1103
498
1138
488
387
1322
1046
292
1042
1379
635
916
1146
1197
1321
568
1324
670
1129
446
924
1127
1071
1564
552
154
1955
1677
1362
1171
233
945
593
952
661
366
978
1243
1086
468
1365
682
1095
785
1187
1370
1132
1394
996
973
244
1497
718
496
1552
825
875
1204
1207
1121
1391
786
730
970
1603
1436
709
1424
1932
229
218
1863
1413
808
1959
839
851
1884
737
741
704
532
933
1477
1579
954
1885
1490
1853
1149
913
978
1481
352
1848
1092
980
1212
1193
1648
1195
1683
936
1561
757
1141
303
1019
480
1670
1022
706
1114
1118
882
327
781
487
1003
732
550
1170
645
1449
769
149
1521
882
626
1189
540
1172
779
626
1189
1133
1115
992
48
1766
969
1196
947
926
552
1051
346
835
1630
955
116
724
963
971
1657
1044
1738
1250
1513
1074
984
1244
1202
267
589
670
89
1543
1449
885
629
1122
1162
926
830
1751
711
1693
500
1840
197
888
531
1561
1485
897
1365
793
1089
888
1360
842
1052
372
500
681
1194
838
1057
1215
883
778
942
584
197
1374
536
1405
958
1511
925
1560
397
951
1534
551
485
1395
806
811
880
1083
473
351
264
1558
922
936
857
1459
818
376
1161
784
439
742
1236
1274
1069
1223
1000
1222
1067
715
895
1348
870
765
1040
573
1166
96
488
758
1160
625
1690
1265
337
1399
1288
1399
506
1783
250
970
1875
1560
831
1705
658
1312
1302
1699
1024
630
453
887
1055
1502
651
636
1111
1083
1544
725
1221
1065
983
972
1179
221
282
1738
1275
1297
294
853
849
1464
1032
870
625
1415
1791
353
502
1322
1400
557
1401
1084
1293
1596
850
1399
1526
283
1550
611
941
149
529
1121
1380
815
1189
1250
824
985
1141
1299
589
831
122
700
1364
1481
599
1737
1208
1310
736
1176
1326
1196
958
1213
435
407
581
790
488
1565
702
1064
1581
713
128
1670
1065
782
995
651
944
972
869
856
1355
536
1169
1421
1363
1233
1504
912
659
664
559
1651
1634
920
1817
1258
934
531
1086
289
680
1354
837
825
576
1117
1597
1422
300
1246
1035
1032
1331
1065
1086
538
1462
574
150
1437
1397
742
1509
1192
111
614
694
1020
717
789
509
581
637
470
1700
1239
1417
1014
1539
401
994
560
746
1456
1113
712
566
622
931
1187
996
343
1615
1205
1096
1045
1099
465
1202
1393
278
952
247
1536
534
1369
1521
1552
822
1738
253
558
1333
1753
458
1426
947
1566
1334
933
1650
1855
1157
1375
1170
1221
1690
912
246
932
664
1702
1136
927
1278
946
1930
1353
949
861
1196
1176
1223
1075
1245
1223
723
690
1557
986
1107
1750
505
1264
568
474
882
1125
814
1451
1100
1874
901
1199
977
1140
396
797
1039
1074
677
723
825
819
1149
1455
638
1202
876
996
1737
391
880
1218
894
963
1644
1069
904
1528
862
972
1665
356
1030
958
1878
855
531
1333
194
258
755
745
927
1734
678
1140
829
599
795
1065
1129
1818
788
283
992
312
471
1168
1217
693
910
669
810
915
889
1012
472
568
1146
1002
1181
245
349
1244
1219
1099
1692
1075
826
661
731
461
1111
1329
524
157
886
900
519
647
741
875
1807
228
861
790
1048
392
1418
1593
1097
1740
92
1646
880
171
1494
315
823
752
1022
1636
549
451
1241
228
1101
985
1588
1230
1351
1411
262
585
1076
591
271
1027
1594
1683
760
717
1444
1099
708
896
999
595
1084
1052
1142
1126
1028
937
386
909
1371
716
970
1059
554
1151
1111
1243
1257
1118
1585
467
1196
524
1717
979
1233
595
492
448
827
998
1020
461
1580
934
499
305
718
1279
414
1006
682
488
823
760
1438
605
656
766
612
369
275
1571
397
1296
821
1490
523
1681
959
827
1054
659
1170
987
734
226
962
478
1262
1421
989
1059
1349
1554
723
747
1316
1325
1345
495
312
671
1656
1045
976
1137
1918
1070
1288
226
445
800
115
1224
339
840
1281
583
1359
798
1502
679
206
705
930
1194
1470
813
929
1204
742
1133
1935
1318
1097
1526
792
871
561
992
1439
1892
1311
770
1137
1549
1550
622
1381
872
191
1739
661
1260
1682
1408
555
659
1451
1113
1286
1088
501
1167
1119
1472
520
320
1299
1875
857
1087
1085
426
1120
729
594
774
1450
1246
1715
1782
126
1059
1499
1155
1293
1390
1591
1046
978
1214
943
914
1465
1022
1251
1425
622
231
1276
1335
1076
866
1018
1874
561
1225
1268
242
1817
1236
120
1085
962
1454
341
791
728
574
511
1350
185
804
922
350
1434
1647
608
1337
1105
1257
1382
914
582
1259
1220
1751
1699
699
1155
1117
509
985
269
1022
1385
1131
451
1505
1926
646
855
1458
430
876
672
1060
526
447
1044
1004
1332
674
541
1598
1287
1084
1228
1433
1046
1670
1590
440
1013
1292
1196
674
877
960
171
1301
1070
1924
1410
553
389
1746
959
1325
577
916
816
1028
1682
1377
1342
663
1610
868
663
857
1164
964
1136
377
1389
987
1005
1417
1056
242
975
1461
1309
147
1284
1660
460
740
511
859
701
1053
986
1633
1524
897
1489
1605
1829
747
969
1047
1398
1375
1073
1247
1156
406
1059
1095
893
1139
758
1676
1075
593
1105
1749
1401
1395
1033
1087
1063
680
1037
75
1432
1051
1219
1303
204
1582
653
583
887
710
1960
1171
366
995
1274
1072
1419
441
1285
1372
1680
1129
931
1193
1331
823
1210
1455
900
808
879
891
1531
706
387
429
905
1097
1190
1163
506
822
846
766
1263
834
662
1295
1324
1145
1063
1429
783
481
982
618
583
1299
1213
443
1051
137
924
1473
530
908
1327
689
1243
410
798
1098
417
1122
1672
771
1386
1112
1037
1426
965
1118
1775
1052
1612
500
1205
945
958
815
1572
833
1008
1131
1861
936
1389
833
896
799
1598
806
1379
954
221
893
438
1166
785
736
1741
205
1444
1330
831
1245
973
1562
215
787
577
1175
1251
715
1039
943
432
1415
1463
1599
501
801
766
933
1598
729
578
1130
645
986
1055
500
858
866
1864
1769
1057
626
495
1132
632
852
701
1891
1952
419
1359
335
1312
1648
1094
1330
201
368
1268
476
910
1048
728
1691
582
884
400
1349
446
1214
1441
1897
776
815
1744
913
669
1014
988
347
1073
996
1768
874
1419
368
936
472
555
1640
1270
1576
1201
726
1449
654
1396
492
924
1220
1366
805
1156
1111
1162
406
792
851
1638
342
1260
396
1793
1392
1179
1246
956
1902
867
584
1218
1220
582
256
1291
903
850
684
1386
968
336
901
1290
606
1621
657
428
999
1142
1325
649
1300
709
1087
397
548
1321
511
754
623
839
1036
822
362
1281
536
198
1390
1713
1119
692
598
994
906
1375
1041
1082
690
390
1083
857
1587
1492
415
1352
1046
989
211
1039
1503
1654
1401
882
1324
980
241
841
1185
752
322
398
1383
495
877
1624
1002
1398
968
334
840
1278
516
144
1590
1304
641
952
162
1193
356
1288
1635
1032
412
660
1170
732
762
562
1125
662
794
707
1164
968
1250
1208
378
1276
784
936
956
1902
647
1025
1521
974
421
1361
1534
1972
314
738
1236
1112
803
1122
878
956
783
154
1074
742
1895
1902
1125
1379
1897
1397
377
432
1138
845
1261
966
1598
733
370
663
989
689
1225
413
616
764
880
439
1448
1321
540
1727
492
1419
1070
552
1891
1740
581
1376
1081
1029
157
1380
604
1184
488
432
986
1400
1481
1040
1844
690
448
886
1692
200
872
1100
1047
1148
801
983
960
1124
1230
976
1396
588
614
679
826
1100
1051
1847
1888
996
618
940
1263
968
1368
1618
455
737
1874
395
487
967
1182
323
808
491
795
1463
1058
1117
488
454
407
1830
896
1011
882
1314
1462
1255
385
543
1193
552
1438
1246
1010
1158
969
512
554
1608
56
770
793
1112
225
913
321
1529
1136
574
610
437
1383
1366
852
1181
192
1191
1472
291
533
1328
1075
1730
726
598
1080
304
761
1060
1018
1827
1021
1432
1308
366
181
816
1474
989
1068
893
794
1582
686
1293
1194
1521
1354
996
1490
742
1646
552
1152
908
968
562
525
1117
378
931
1569
1219
555
1020
997
1740
779
836
938
351
820
1072
419
443
1209
1476
1167
663
625
636
1354
745
863
663
1330
1221
846
504
905
1102
1877
1661
872
629
997
749
1353
294
1418
1273
369
1393
1754
1881
483
985
1109
702
1211
706
1041
1099
1028
1060
619
1192
1519
795
707
1468
978
1242
1005
1610
946
1517
1499
1169
1135
1831
1758
1671
1412
1513
1206
952
951
904
981
1277
1011
839
1849
205
149
841
415
1499
1138
316
851
1144
980
370
650
168
490
838
1558
1103
420
1095
1069
1172
830
834
1134
1247
895
874
866
1214
513
914
706
1033
1191
565
460
1718
864
304
933
559
1215
1384
1602
830
344
1112
1765
1837
998
1850
964
709
1494
976
406
1115
1129
348
946
1148
738
1447
840
1423
1230
1084
1484
971
1047
285
1795
1493
810
859
921
1051
1186
1493
636
1101
540
1234
476
503
556
1135
986
681
1109
1040
111
1806
1451
447
871
519
1269
1676
986
616
1551
1078
1095
1496
1814
185
1302
1708
1361
1179
406
780
1822
821
361
1255
1069
796
394
1528
972
1349
873
397
739
1687
873
1084
1102
875
378
1703
1563
1210
404
1478
1063
633
1234
632
865
1095
704
1011
905
687
1105
1195
1089
1408
692
1304
785
1496
532
869
1347
497
1094
1405
1136
1175
1351
224
896
1103
1564
757
620
1810
623
1534
912
952
1214
1711
758
170
1198
873
493
1244
1543
904
1800
983
1224
1604
1203
1564
947
931
1799
1100
664
513
793
806
1271
1544
877
606
678
138
725
1501
588
1022
388
908
770
377
1343
744
997
1104
1161
1302
989
695
612
155
497
1369
787
947
838
868
742
1318
1115
361
1225
1656
712
774
156
1177
1580
1126
1682
1069
859
1192
1661
750
148
966
907
1247
612
1166
1031
647
561
917
564
164
950
1081
1585
1651
966
741
1004
618
621
1160
1727
1856
1155
941
1378
1086
1081
1774
962
1434
563
914
1211
1371
1169
626
1046
476
578
378
585
869
544
1058
941
1543
985
547
569
1364
345
635
942
1415
988
336
1064
831
1457
823
1220
1504
1026
832
304
1272
969
673
1457
963
1306
984
330
1000
1411
1153
713
1195
1634
1222
1198
483
260
1704
779
1014
1017
534
562
677
545
799
401
1733
986
644
1426
1226
1577
918
1023
833
922
767
971
382
102
1192
971
1084
999
726
512
910
1026
1626
1199
1167
387
630
311
1901
1199
1123
579
930
806
596
589
1581
865
1023
255
832
872
1522
1480
642
760
1055
1154
437
968
682
1280
849
468
1488
578
603
1085
372
446
890
739
1634
918
969
1232
1200
423
1771
1557
1129
871
1412
1214
743
1562
779
875
1175
323
856
1200
1183
994
1147
1007
1034
1132
606
1046
457
180
605
1609
813
1150
1645
341
1349
376
1057
1593
1513
1023
643
1198
990
226
1491
1207
1513
542
1676
995
694
223
918
1654
1503
1229
802
250
1839
819
353
430
1161
289
1645
1143
966
1674
748
1110
915
1695
1305
381
992
682
1123
986
1297
1007
1804
998
807
1671
1724
143
960
1064
803
498
1166
915
1164
576
802
1457
1154
898
459
1731
1101
1331
643
1381
1235
1466
1536
851
595
1176
589
1164
372
577
435
1099
787
424
848
1639
1024
716
1426
590
1330
719
1197
1239
413
1408
756
846
1402
1412
251
1314
926
1453
1412
729
1132
513
500
999
841
1011
1172
1454
1309
1087
1283
634
1015
1447
288
1033
488
1004
854
605
1419
549
770
943
541
1560
1138
1063
1195
215
978
1095
560
57
1372
166
516
1742
906
1021
1333
729
485
1868
633
1062
860
758
1251
1465
1181
1486
896
945
1047
775
1079
919
1044
1318
1093
1581
658
889
1207
1151
768
1918
1539
1655
1173
470
1354
817
1570
803
1708
602
395
1327
1206
1108
446
1146
1440
1684
1113
938
682
776
1478
1115
317
150
1363
1265
1182
1814
50
1286
65
657
357
1135
1096
349
1669
911
1098
1256
669
1324
626
431
509
938
1125
1258
688
971
540
1794
1271
1125
1035
1108
1876
576
695
766
1220
1495
1781
403
1212
938
1274
953
221
1120
1563
1520
1012
726
71
1283
809
617
962
1071
928
996
1206
1352
639
859
737
439
1421
807
1298
927
1199
1077
853
150
1866
322
1097
1315
1582
961
1559
1234
1748
1165
777
1599
474
1280
566
991
1047
620
742
1015
1351
1380
989
1454
1878
1154
350
1332
726
724
774
897
1312
1236
979
792
729
1131
705
1336
153
1170
1171
947
841
594
1836
889
1233
1303
737
1492
1702
1380
1242
1175
1426
574
929
937
721
821
1122
1090
622
1479
1094
1019
516
1537
1445
591
790
1586
775
745
897
1261
1816
1235
876
592
847
530
1879
707
588
892
1313
1171
833
1021
939
1139
175
234
1112
919
1132
1408
963
972
1104
1123
439
1243
1056
866
927
1341
1411
1328
1135
1114
796
1647
1742
1388
1134
1135
893
745
1178
1476
1390
1952
982
274
1378
1012
1857
1615
1580
1008
1148
1074
1134
1632
1161
255
1127
1359
548
300
446
817
1383
927
1095
1541
1296
1426
1276
1110
1424
802
1191
711
1045
960
578
739
1343
1407
1418
996
618
840
877
616
738
1783
1215
881
848
699
1183
844
516
822
1276
1917
1348
1032
466
959
1090
1218
1282
1043
48
850
1058
228
711
1552
937
1794
341
641
733
1354
407
397
827
1026
1421
860
1284
928
1284
1546
949
976
1085
457
482
833
846
1096
1179
514
1098
1110
1273
1547
1306
203
612
1448
1064
1627
1207
1515
593
1125
1518
940
1475
769
639
386
431
1211
1020
190
1665
1122
1544
588
200
724
366
1359
1553
244
908
1419
144
1126
1123
759
1612
1117
931
1508
1007
1493
1644
628
1418
705
1245
1548
889
760
959
408
1437
1681
1048
1712
835
752
1750
1493
414
660
1127
710
853
1096
644
615
1904
800
954
1183
1101
1869
623
1393
1730
1301
1107
783
790
166
1418
1245
801
1636
415
1879
1844
1073
1363
1288
1347
989
1486
1168
1576
778
619
1321
1696
270
1137
1196
1226
1888
459
1566
1117
207
304
669
473
881
1447
944
779
1300
576
1637
850
637
1512
1058
574
1252
836
745
387
991
850
696
1018
282
1674
913
844
1479
475
801
1264
339
671
1443
226
1217
919
858
595
550
800
757
1633
985
1130
293
41
519
1059
1414
667
880
266
363
760
794
258
1048
1017
769
1287
1443
599
1500
1015
1385
877
1524
1376
301
1863
384
1047
183
440
1959
1156
919
1404
568
1441
985
1850
254
159
1302
437
641
519
798
1023
1563
603
1672
1272
1379
1168
865
989
489
250
1276
495
1458
407
912
1478
1060
579
1627
682
1650
1153
1355
937
630
374
835
1457
1376
1290
1531
1244
1394
1812
691
657
503
1315
273
1388
614
823
522
1148
1092
1348
891
1718
995
276
847
520
1383
520
1550
1220
1595
1042
1085
726
1634
1589
1449
494
1213
1347
944
1785
1645
686
1199
1526
532
1016
982
1411
1410
1789
1513
1524
604
1254
989
278
1612
791
928
1119
320
1105
1508
949
907
1021
1188
1300
126
97
918
1065
1224
877
1147
1233
661
1320
830
1288
987
791
1359
672
1038
1285
1643
1082
247
1507
1185
940
1244
476
957
862
661
950
903
601
833
704
804
401
1531
1043
674
367
528
1436
419
257
1157
583
1473
775
1258
763
482
1204
1043
1500
1063
744
956
1335
986
1187
116
970
911
1547
1537
1465
267
1555
422
553
1751
1204
1496
907
1152
1077
1344
1236
728
720
1275
645
940
1246
914
866
1611
904
605
792
1737
1153
1057
757
1737
795
482
1117
1233
1845
991
468
1334
877
1399
1203
267
1359
931
1350
974
628
645
827
1544
1213
936
956
178
906
525
760
1035
1050
883
1419
341
642
912
1053
973
816
303
1291
1324
1615
999
411
983
1152
1022
75
283
1062
654
1632
1104
1235
931
554
511
1161
1098
650
1062
1372
661
1518
1162
1383
1140
492
722
849
1589
519
864
1552
524
1413
208
1301
628
775
1085
981
277
732
1633
934
928
524
446
1113
788
564
724
943
1448
370
1003
1375
629
376
1241
383
1300
913
1254
629
931
937
347
1043
1725
872
1860
1649
1351
548
783
1451
438
612
737
1475
163
1106
504
731
1818
428
1308
159
865
525
844
778
1510
1885
1275
177
1219
1413
1082
1306
1665
441
418
536
912
303
744
970
1003
675
738
394
983
1191
1277
1125
1331
1658
745
757
1271
694
468
718
1253
1489
1002
604
1081
547
1054
963
1082
948
1665
674
918
1123
1572
769
791
861
967
1173
1016
928
690
259
1658
957
986
1352
1437
1603
1514
862
1396
1351
507
1290
605
1063
1363
1596
590
866
809
514
234
1210
1232
946
544
186
1328
1887
663
433
1414
1036
1781
787
1258
1576
1460
1088
835
1104
1903
586
1315
496
1215
857
830
783
1544
528
926
370
1048
676
1824
478
865
704
597
1342
1153
1815
1193
1305
1055
361
704
1148
1311
206
1027
788
234
912
455
1386
663
1523
1044
1322
1701
682
1049
1065
899
830
392
1231
1534
802
702
989
1528
1048
653
443
803
1822
825
852
1596
769
900
1180
1426
1947
625
987
254
497
188
1285
1147
1191
458
722
1307
762
1122
1255
852
1131
1444
1075
599
1201
941
560
840
1294
567
725
1245
1294
1035
683
1505
851
772
1021
791
1346
371
1346
664
13
661
885
1308
843
1351
1526
877
205
1648
1184
595
894
431
564
876
634
1058
552
714
507
1392
1627
976
814
1420
776
1779
790
460
811
868
975
505
912
879
868
819
1064
923
1371
1700
963
748
1331
1417
1487
1147
1773
501
830
840
1018
1307
363
1577
1615
1307
1171
1574
612
706
681
1200
284
1391
732
1270
870
835
731
405
466
1042
1397
942
1468
1409
1420
1389
995
826
1511
204
1064
1486
1235
1013
964
399
175
1311
1060
443
1710
944
720
901
1498
780
1443
1210
1529
894
1191
610
1108
1386
1087
1108
1238
1242
1511
190
530
969
1377
1200
590
631
1157
884
942
829
772
1339
1209
1329
700
922
1414
16
617
1335
1456
623
635
1015
966
1584
1015
605
361
1765
477
751
739
1662
822
1445
775
736
1037
613
889
721
1119
383
1098
1112
1059
1750
1594
1071
972
1888
1399
933
573
838
1158
1053
1327
1011
1499
986
438
586
708
1430
1385
989
1659
613
1162
883
1392
1819
1033
1186
1660
1287
1395
901
962
1020
856
1145
1077
1023
1183
264
1571
397
1827
1214
845
1091
840
1375
1455
1053
1307
469
1753
1778
520
1134
1873
357
1279
1115
1642
499
986
1671
1416
839
563
1444
647
328
1373
1032
580
716
1581
447
1561
800
1713
119
974
1179
1107
384
928
412
122
573
1403
817
1053
987
1182
382
1170
1342
1270
1317
609
1508
766
1090
1278
930
1272
1253
1368
934
1489
805
1095
762
1751
1096
790
1145
457
337
339
1116
1154
356
1391
984
1178
536
731
1432
1009
1333
732
524
327
1103
1766
1671
1561
1270
975
1712
1423
667
1953
1403
288
685
1325
1317
409
604
1498
855
1327
1087
1060
1128
960
922
897
712
503
1250
1462
1393
1326
1511
1631
644
739
1692
771
464
848
722
1147
905
543
1089
937
537
1585
748
961
1159
822
1692
1148
933
636
1063
547
308
1473
177
1446
840
835
855
1616
1022
1392
1289
879
796
801
1029
1107
798
1261
1641
1311
931
938
995
1139
206
1180
1271
500
768
1201
537
1326
1100
1204
1218
656
1489
1199
813
806
663
231
1810
1585
1029
324
990
1707
491
793
432
862
840
488
1643
1210
1002
948
411
696
1283
512
1024
334
189
376
532
1561
1506
1840
1437
730
807
781
1434
281
1351
1107
1620
939
825
862
1053
733
1113
251
1352
1457
217
1871
536
949
383
1138
112
987
899
1167
777
1041
597
1524
1110
324
926
870
1267
1026
436
224
1058
912
1479
1512
379
1348
729
1092
879
1618
1384
1381
914
621
1151
914
224
1062
1042
601
1461
1068
1393
734
1631
388
1241
1513
963
954
257
216
1261
865
1142
1521
777
606
1090
668
1613
1642
813
951
1000
678
1619
1086
615
1367
1143
1174
545
1104
584
814
938
1681
1213
1610
224
1129
395
966
917
1466
807
888
1477
1068
898
1414
694
1135
1064
452
917
1338
1054
1248
872
986
1170
563
703
317
1766
1579
1011
448
1216
873
1622
1326
1613
1466
832
954
218
1173
1137
554
1215
651
1428
815
905
1154
1150
1157
1346
1097
1192
966
1454
1345
324
1028
1240
979
841
1339
862
284
652
1520
1200
1244
400
22
1435
529
1852
1176
969
380
1096
875
1172
255
652
1077
1249
1851
1543
1190
671
503
1064
315
1496
519
1216
1766
1098
1003
1753
1150
1526
1354
726
811
834
585
869
1855
495
1416
905
1056
680
908
846
865
894
1514
1148
310
861
406
1100
1182
505
1254
1706
1780
605
697
1246
1039
869
664
1123
1423
730
1575
1244
1191
1134
1586
406
857
1646
1074
1395
1789
295
1265
1353
1867
1035
145
1500
1352
1611
1929
412
138
1092
777
445
526
726
1277
1714
1641
128
476
1050
1048
1075
1516
927
1645
906
265
915
1428
1221
657
833
1338
1436
1103
312
1323
1110
797
888
1266
966
853
724
1338
1005
708
1272
1881
1129
691
574
994
957
1413
686
1160
1132
758
1308
1258
1399
1199
1308
1263
1053
589
614
691
719
1728
579
983
577
778
1425
1208
1428
1682
1122
804
625
865
641
806
973
1713
629
1287
54
1390
1498
1141
1639
901
1297
649
1669
374
632
785
1800
592
1071
960
1379
652
1379
587
1434
1118
1230
1593
1362
971
783
1517
304
1061
271
874
1171
1191
535
1164
1677
1525
939
830
891
579
920
1564
418
899
1706
1356
875
697
1212
1127
664
854
563
148
194
787
1146
136
687
661
1233
698
724
769
869
992
1246
753
241
1023
784
371
45
977
1031
321
756
113
520
1280
679
932
31
1184
1977
1027
499
187
861
533
1051
1587
1505
536
891
1372
244
119
752
1437
259
1154
600
687
841
609
1001
1125
1003
1560
1731
862
1360
1392
1016
1355
997
1871
116
844
816
1291
574
858
426
1768
1262
941
1782
806
800
161
1641
535
1285
999
1443
1090
1520
1043
254
859
1459
579
1126
877
984
1388
1127
1057
1408
1057
882
1366
1283
1410
1159
1037
994
1184
1149
1001
535
818
492
873
848
642
612
953
879
962
645
352
857
712
1366
1067
1246
1199
1231
734
950
1029
785
122
684
1702
1578
669
1153
1434
1489
924
785
1141
626
1226
941
1205
488
1659
1442
1168
1525
355
664
910
1236
785
532
1457
911
934
1470
1225
1067
1302
787
968
1524
1258
1127
848
1108
1551
1166
1711
1870
400
1078
1355
1415
1073
1228
445
1860
821
839
734
947
1166
757
1427
1177
974
878
1190
1289
1072
1328
656
858
1631
613
927
1321
1894
497
138
802
420
1053
377
447
974
484
828
475
1281
910
1330
696
526
1280
1006
848
1350
570
845
919
976
1208
288
766
1040
1632
659
1373
1352
829
706
410
134
723
1347
805
1328
730
679
1422
992
1854
359
1041
944
951
1459
991
1395
1333
521
1556
645
1866
586
1424
672
1501
102
1426
933
1168
213
770
1309
1627
1083
1041
1541
1381
1303
716
171
1131
525
1476
1478
827
532
331
508
1415
159
941
1140
766
783
720
1543
1748
707
1137
929
783
447
1276
1524
493
788
1139
1194
1629
962
1072
1628
1434
752
712
1043
1408
1083
545
173
1351
992
1362
1493
808
1700
904
1094
1014
950
1284
1544
1749
1161
1777
1503
1010
359
879
1328
658
774
993
790
1260
777
712
1065
1552
265
672
610
834
1072
226
1752
294
942
1309
894
1525
355
1921
1307
1525
1476
1339
655
1421
844
230
1495
1704
805
613
998
1300
286
1281
1100
1132
1400
1610
507
1247
198
824
1121
1148
1137
453
1030
970
776
1186
1072
1237
832
1106
436
917
1052
1202
716
1539
992
1819
801
925
693
449
860
884
883
566
1477
888
329
1692
1203
296
1783
585
1712
1479
1175
247
572
847
799
1115
330
719
947
875
980
1454
1563
1056
292
1142
926
600
1104
1499
466
1134
1554
1044
484
1422
226
704
491
972
1072
574
642
410
829
1480
1417
266
901
910
1565
1523
329
831
582
758
1306
1579
1370
1308
1301
455
765
686
946
1273
353
1215
960
1018
1429
345
555
703
1212
571
312
1714
1281
1512
1091
445
1064
314
1269
151
1084
789
1940
617
1057
415
1046
1444
1527
1427
441
908
582
528
212
987
1608
182
961
1242
1030
940
770
1219
1160
1011
1414
509
1903
1280
1314
1154
651
1122
455
261
1568
570
1606
75
755
299
691
1461
287
1555
585
1043
708
789
431
1464
361
959
1519
1173
1166
261
1882
1459
373
796
222
718
730
1062
1107
442
1310
617
673
337
618
727
1857
1279
931
759
1514
1050
308
946
864
1481
844
1923
933
550
1015
854
592
1642
1474
976
953
974
923
219
567
278
1038
816
1684
473
631
529
714
305
1571
867
1122
339
1038
448
1551
1028
773
982
1571
1420
752
843
1191
1565
1036
795
311
1546
883
1531
1168
1640
1460
1082
711
1263
941
493
307
610
1400
410
418
1177
418
890
1402
1312
790
1429
1497
975
1210
1520
965
1271
618
1544
1099
415
1302
835
1269
1148
703
584
1063
1433
817
1456
1396
1859
703
1234
277
875
973
973
1202
1439
1443
1090
1470
1140
692
733
1385
862
1191
814
833
198
1366
558
1203
628
421
876
1648
1028
1001
1297
1123
961
858
368
1194
1052
283
1365
1113
1311
1792
1485
344
982
401
1394
1509
317
699
1334
686
1718
1473
1678
1295
569
701
722
632
1132
1523
1077
1285
1796
420
987
1122
1245
686
1080
1164
234
1147
1279
871
644
1332
454
932
397
1715
742
506
1380
902
414
1041
1017
1637
62
671
888
1328
252
1181
1582
1032
1255
746
1060
228
669
1466
1569
1475
312
1141
1471
783
1238
1014
1334
560
1059
1088
1205
1205
268
287
478
1436
819
1719
1190
497
982
294
1033
762
1344
79
696
582
1316
655
268
1243
1653
1118
867
972
1291
906
1377
340
1332
994
1505
998
1305
787
1958
1454
863
1148
461
963
975
852
845
431
1561
1160
773
442
316
1416
688
1371
1463
873
871
1585
995
355
773
743
722
620
606
1532
362
262
1285
810
938
769
1526
1255
523
1229
591
566
564
757
1061
625
1004
1022
817
429
1331
1092
1051
1031
795
918
998
981
1377
1126
1723
1477
1065
1690
889
1271
282
856
871
1010
447
793
493
1074
1250
653
407
117
1063
426
1725
1461
1105
484
1613
1534
1283
1585
1375
1479
1168
62
1382
683
1147
1133
1532
884
1721
876
737
1135
1743
522
905
1025
1221
757
932
835
1432
1208
1767
1757
1498
414
1572
1023
397
1172
1280
1775
517
986
594
1365
639
614
1478
789
964
421
764
614
912
955
612
963
1007
1335
1445
1428
1354
392
1524
598
882
43
153
269
746
926
244
863
1152
698
1134
1390
782
315
437
927
842
688
916
725
873
942
1128
72
1377
159
1520
1007
408
1040
1491
739
1056
785
473
561
1249
816
612
523
1170
821
1031
740
993
542
865
479
941
1727
1373
550
983
646
320
989
1351
541
1259
548
991
844
1648
253
1745
639
1171
963
1351
1841
630
1834
1602
411
746
684
1252
835
1230
415
596
596
1221
1653
641
1455
1024
1153
1303
1433
1357
647
591
1327
739
1593
391
1211
855
663
1322
1039
1191
1093
476
524
1238
387
720
498
765
1221
879
1433
544
1402
1134
1242
679
688
692
1350
990
1156
1628
345
1456
680
1300
1107
1329
124
1291
943
680
799
898
1181
1137
855
1005
1584
512
384
980
1021
840
833
864
1220
1752
1080
1722
922
1208
1057
1029
1167
880
965
795
1331
734
1209
1170
1613
1955
755
1031
1021
1367
1390
414
1142
664
936
1684
1323
480
500
1139
956
617
1990
1010
1257
1157
224
1269
1106
895
458
1220
720
691
962
598
377
1890
608
73
971
932
1312
1724
656
1475
1184
581
527
1361
1850
394
1185
1029
663
847
510
994
538
485
778
1675
731
1161
1264
1366
1727
922
174
1487
1295
1560
1431
874
1718
1171
1563
1425
1620
918
800
471
1593
1694
912
925
690
975
1009
1196
368
1126
284
227
1079
333
1169
1853
1022
1418
858
1545
993
887
676
519
432
1478
905
761
1085
871
558
1308
883
914
1524
253
906
694
500
931
1260
1163
801
611
828
1325
812
842
1128
1519
995
1092
741
242
656
684
759
710
593
882
1449
1571
1346
1372
617
778
1628
1040
1326
935
1446
1318
1136
947
1069
1246
206
938
1655
653
1303
627
688
1047
584
916
1738
1410
1383
1383
1536
1481
762
602
1399
399
1101
1164
1078
1265
615
1732
1636
1329
1318
1456
383
242
929
907
958
811
1147
573
1527
1626
1193
1009
770
1227
1077
1829
1154
1129
1282
1048
1058
1582
644
1067
813
912
1837
651
921
704
937
1333
1290
836
1122
1227
935
735
981
1179
573
1861
489
1314
413
536
953
367
1685
888
582
917
909
1062
1174
1603
897
1465
684
979
309
1411
1847
972
842
1426
823
755
1067
923
882
1496
1660
1702
1338
129
1155
753
798
1165
145
1317
1012
584
397
1077
1384
751
989
698
223
1101
1416
1268
650
870
1006
500
1118
340
306
1037
673
1045
990
526
678
1277
1836
1076
700
1381
885
658
1059
1061
909
452
974
1355
490
1210
1096
1359
1331
1156
1126
715
925
606
931
956
1757
1374
169
1341
1256
194
840
1806
808
1445
890
355
782
1149
1579
595
1794
959
1005
1508
1204
1391
91
1272
751
1814
950
346
897
1075
700
999
1498
1304
705
735
423
1071
1570
1345
802
863
1454
1501
743
1205
859
611
178
1287
782
1472
320
1096
1393
1048
1086
697
1146
447
604
1828
951
760
1359
1596
1205
1459
502
888
1312
292
856
886
338
806
1268
1107
1657
575
1388
1003
1044
1533
156
569
1076
827
710
244
703
525
1182
1298
1007
440
538
1317
1319
332
1088
1110
1458
747
1078
1537
885
1063
160
1642
879
1370
667
447
1701
1147
1001
1344
404
505
1349
1389
1351
1240
872
1579
838
1602
798
1500
957
1370
1212
404
1580
1379
455
1349
852
1382
1450
642
940
1446
773
881
1449
713
1215
1045
1296
1069
1190
1070
1001
406
1280
646
649
525
631
669
1413
1316
1106
733
1275
503
1419
1104
1020
962
1497
824
1192
990
918
1836
1456
1414
970
528
1665
966
1815
1494
1146
1330
1293
1080
1105
577
937
1568
1472
1465
1361
229
1244
777
456
768
837
1024
1561
1048
156
196
999
1124
261
1013
1083
1592
1164
294
1070
1074
1750
1004
434
1029
903
1525
938
1880
1100
746
1460
775
869
1166
1072
814
825
1016
1206
753
1361
496
1848
875
583
578
1309
1397
787
71
1342
1189
1986
383
1297
1334
1252
1900
603
866
170
975
1286
1214
1526
504
1968
1367
290
603
1188
1058
1030
1349
608
1436
664
973
872
729
829
1072
1146
752
1178
723
818
1070
1882
656
948
939
989
713
1743
750
656
1593
1061
1042
1030
1734
1523
902
1024
676
1547
1081
1545
1755
982
1220
1543
1715
942
876
158
747
821
1377
1599
1156
341
904
573
1392
1783
324
1615
1090
1595
433
698
271
1691
783
475
910
1606
904
1712
1677
906
950
881
1172
573
962
1333
1079
1145
1543
1293
965
1161
839
1683
466
230
587
571
782
1353
1542
1053
962
1022
1294
1395
808
425
1145
857
623
532
1174
1251
1373
336
886
542
1351
625
1703
1200
694
482
1611
610
1650
1108
1127
1334
627
1150
763
1702
676
1157
803
1943
951
874
704
811
1429
952
333
652
984
1605
1167
1791
1380
560
619
1042
1167
121
1143
948
1211
1408
301
1225
693
1295
681
1223
431
789
921
947
1592
327
856
1428
549
1171
1327
691
1190
421
1474
1177
1250
635
1435
1353
801
638
1020
906
766
691
697
1374
1545
1097
364
844
1163
1228
1552
383
504
312
1526
1145
1479
708
562
1072
970
1311
1617
849
1466
643
1450
1317
1273
906
424
1075
957
1174
734
1581
1218
1314
354
534
1701
637
321
676
783
775
81
253
1508
1553
1667
1289
909
512
890
1351
1691
751
1117
1171
1199
1818
1740
295
1204
238
914
1076
1173
495
985
304
798
859
960
1778
234
1404
1151
1315
564
1636
886
1377
1059
886
1142
1648
873
877
1479
852
415
443
245
651
881
810
981
635
790
490
1315
1257
977
1188
625
483
465
1145
587
326
173
665
1144
900
1217
606
944
1235
269
1155
1270
814
1529
732
224
537
821
1060
1091
1540
968
1682
743
1691
480
733
501
1623
604
1872
429
961
1004
492
975
1047
1704
1138
1080
1143
1272
625
1079
952
1016
1323
1018
1905
1356
1504
429
1538
962
1339
1562
501
351
1126
819
1323
871
1496
1011
1299
1150
1022
830
242
683
1723
1120
1131
1221
359
870
1081
814
572
415
1441
612
1012
1643
1615
1238
1474
1264
1619
752
1120
1416
130
1430
1493
215
1324
1124
1044
1283
923
960
919
780
1405
1054
1116
1804
1384
611
836
424
863
1282
1590
745
1643
892
928
998
1091
1686
1515
292
1666
1535
809
880
1280
677
1335
367
1084
708
383
821
199
1956
729
1237
484
1067
315
633
1647
599
988
717
414
95
1238
866
1700
1034
1170
447
310
1286
870
849
947
540
871
1304
1251
950
984
668
931
1199
233
1004
1286
1495
1301
850
1131
1113
1247
139
875
1398
1760
1155
1069
1135
1378
1048
974
349
1219
1033
1363
979
1132
1120
1215
881
1357
577
235
347
65
931
1229
1024
1008
964
710
685
1660
996
1180
481
694
788
795
1145
1181
714
617
90
662
664
906
1525
649
1068
966
1467
1805
704
819
1301
1353
1299
179
1244
766
753
858
1598
324
1018
289
668
900
951
1758
671
1516
625
673
1650
669
1802
660
703
983
1059
672
373
804
906
1269
1010
1315
1276
1529
1001
284
806
778
1556
774
457
1199
1024
374
728
755
1403
1332
967
527
883
1089
835
1462
881
739
509
1654
1383
1486
662
230
1175
1267
442
1071
1051
949
1494
924
773
371
1305
429
1058
1453
1398
941
1130
1405
1036
666
1228
1568
1586
765
1039
671
736
940
416
905
483
1443
809
807
1124
775
1098
657
659
1020
1744
1365
493
917
304
973
417
590
716
1038
1253
1305
539
1431
317
947
843
328
1706
622
1874
1686
935
653
863
587
844
946
903
1108
758
1754
1057
1095
500
444
825
878
1809
990
1592
485
506
117
1950
308
579
1139
1109
375
828
439
1479
851
741
1089
1432
683
1425
1168
953
317
1291
1323
589
762
874
492
712
1007
1276
351
1097
1384
1254
725
1099
1052
1596
1175
1715
976
1406
247
1744
1467
1623
1140
478
1599
809
770
1200
1433
1673
1267
804
1165
1418
1193
1044
242
1839
1066
857
1227
892
1564
395
695
323
1771
208
54
807
1769
551
1315
1540
936
352
878
1275
1122
1128
656
295
1513
1371
780
527
482
1233
1120
1318
1307
1062
339
1656
1469
12
1199
835
979
1155
1223
750
676
1633
1330
1257
290
825
497
1480
1459
693
111
912
476
980
1409
794
1191
811
388
962
544
639
1450
1053
868
849
1064
1462
928
1363
1008
1207
527
401
910
984
1191
1397
151
988
574
1389
1236
957
98
1311
723
896
1415
1057
1050
1677
1133
1787
163
1067
1122
1444
1349
958
1152
1189
1821
763
1154
804
195
938
1184
1496
1196
1353
839
755
1322
814
472
387
1707
207
856
1525
1766
812
743
207
1157
1114
1084
252
162
708
1769
1035
605
865
684
1674
740
926
1117
418
970
848
1196
1100
714
1043
1052
700
912
1401
682
1031
1050
755
533
810
1277
122
1101
516
1613
655
928
1721
1488
1042
935
722
433
578
1698
223
1859
1037
992
24
1306
1010
1058
270
747
1457
1476
979
1691
1348
1316
914
951
477
754
883
1415
1702
1360
1579
1630
674
830
1287
950
978
431
823
1597
1377
1408
1532
1067
796
243
1790
564
648
1078
1159
806
1085
1613
920
673
541
1277
970
594
817
734
1332
607
944
1354
1736
1305
1534
606
1638
1140
1572
1491
885
486
989
259
1018
1020
1467
975
1536
1427
661
1635
682
853
912
503
597
1538
1306
650
1412
1363
300
1427
1702
1384
1482
1064
1112
651
748
517
830
837
1213
984
1265
1570
526
1204
1270
675
1525
1016
1087
972
1015
1143
1667
1136
313
1086
659
1734
1724
113
979
397
890
967
1583
1526
1022
573
884
1004
563
1770
668
392
763
363
1100
27
301
1779
476
1197
1161
1110
1297
1576
1140
993
1624
1092
980
512
603
1315
1336
479
1138
1156
305
568
727
500
806
686
1669
467
763
886
954
1024
868
1148
319
442
949
226
169
751
624
978
885
1260
1493
415
1020
1482
1683
599
1290
662
1826
254
941
1271
1655
1505
980
841
913
878
1524
520
597
893
1075
242
1069
1043
1290
1597
1751
1004
763
832
1306
1235
881
1308
313
982
1128
1058
1081
1408
757
486
574
869
1803
1152
1408
682
983
1271
549
1078
837
526
1029
1880
753
290
1549
1527
921
913
708
1147
1538
715
1626
259
397
1383
261
815
1249
1248
1342
488
1038
966
1189
882
930
149
1121
1143
545
933
1282
1753
214
641
369
224
1311
1253
691
1065
532
1393
1757
1556
856
1232
1503
1046
767
608
1714
1752
293
1004
804
167
752
1193
1289
930
1223
957
1051
1575
567
1258
617
1552
1638
839
942
1508
873
526
711
165
673
619
912
562
1476
570
865
1639
1371
1860
445
164
1465
411
775
866
641
267
1295
937
839
1319
1048
1704
1009
640
1145
1035
1335
698
549
332
584
753
1831
643
329
1037
583
979
1608
1147
1831
1106
758
419
857
1458
674
644
1261
849
1389
1197
1029
1539
1425
970
1199
1162
996
518
1005
1031
898
247
1761
1947
593
613
1177
837
979
1272
892
1134
911
1081
9
403
1518
683
1024
840
450
520
1236
964
879
1457
513
1868
1223
1155
903
734
695
1723
871
353
1674
838
1786
1293
507
441
1437
319
363
1201
1109
328
1486
881
1059
893
834
552
1411
1857
489
1216
762
1227
1375
1517
1438
1111
1314
936
574
1041
1533
1452
1031
514
1704
1418
364
634
1206
1289
324
1097
1248
962
365
1296
377
1207
1309
579
928
454
541
1717
220
744
1437
845
273
697
1512
1188
1271
917
1437
691
1466
512
1350
1035
1165
1052
1161
469
638
997
980
1594
1791
1164
159
984
916
1322
577
849
1271
323
543
1001
959
851
492
861
1221
762
1033
689
697
162
1049
1074
1202
982
864
945
362
1444
1413
1150
1323
366
1533
1151
642
917
1803
779
865
939
1422
1137
842
1056
1053
372
1936
1548
1513
347
1147
959
986
669
971
948
833
1025
692
946
428
1497
1643
946
946
873
962
984
1817
974
1147
1142
1364
848
1379
324
1074
943
1071
1271
559
92
1463
1646
780
429
1105
1799
818
775
245
903
719
1387
567
1881
165
1096
1774
1233
658
1244
1395
909
1300
873
999
1200
979
1184
1631
1540
1762
659
1659
935
1878
1018
972
924
1116
1484
1138
545
607
598
1029
623
921
980
814
683
850
990
1069
1524
680
253
1439
875
1113
534
1433
1049
1024
201
1221
782
1102
1616
987
565
1012
543
1789
959
1115
838
1666
839
908
637
905
660
1180
543
1140
1794
1349
1618
1371
1413
448
1200
1473
1413
1639
739
817
758
910
1083
1420
935
592
1029
1140
410
316
1175
566
1047
633
1782
1313
691
1433
1082
1028
536
1081
449
1168
985
1211
1677
1477
537
534
669
612
1260
1590
1058
521
670
421
541
1078
476
305
613
1873
923
113
837
524
474
1352
961
1291
1113
892
924
956
1899
767
1361
216
491
1527
520
354
571
1480
989
689
697
956
607
1054
496
1363
973
1175
297
1012
1128
833
381
1015
1076
1225
331
1244
1037
1226
944
1426
700
276
195
614
1588
942
701
1137
675
1509
880
371
1385
992
1086
1018
620
473
1001
529
946
730
936
347
545
1776
1518
1467
889
521
914
124
889
1560
861
901
426
757
1229
669
1061
1291
1333
425
1400
944
1304
217
754
1419
1379
1204
1265
1048
453
1281
1329
975
580
418
1044
1883
994
1469
771
1731
1535
1397
438
863
849
1755
1486
786
756
1500
624
1264
549
1506
687
1046
755
1381
614
1136
767
1278
670
898
1304
1580
448
1128
1712
672
806
1137
861
370
1154
425
453
1850
1275
1252
310
1121
540
1386
660
450
716
1257
631
920
1032
1499
432
1513
1096
1082
967
1388
72
980
328
820
755
1320
417
1021
760
1839
1764
813
407
920
1712
962
1460
1218
1284
954
720
1179
627
1637
993
201
741
1689
1017
842
660
1415
312
957
1740
898
1242
408
1477
586
692
639
338
1245
1046
934
105
876
849
1332
883
978
878
1840
1512
1071
1373
1034
1176
695
164
1495
894
617
1578
1362
1018
488
1555
396
137
1045
343
695
1519
1269
1394
713
1758
1614
761
222
1343
450
249
1405
1389
798
1538
1210
779
1117
1036
1415
1033
1445
1098
704
658
448
1508
1696
649
661
689
1252
1259
1400
839
1079
715
568
564
831
942
874
878
845
911
1392
766
1067
477
1565
1401
1278
658
1499
538
735
787
1658
1222
1187
841
931
1627
744
325
1063
1495
1349
1141
400
1020
570
1129
1592
581
1646
1006
733
1071
1619
971
847
179
1113
1335
1401
1621
1453
936
540
665
1464
549
1148
921
648
256
1076
919
1265
595
587
1401
1080
1505
1352
1220
380
1653
1706
1460
1738
1401
1278
579
1583
845
1257
1892
1164
1341
1181
1173
1123
1348
1452
904
1530
566
1121
1453
617
986
1264
932
1020
1038
1435
938
1317
1513
1895
731
633
958
1332
1311
1618
1185
71
1318
638
1420
1694
1067
1474
1056
717
651
408
753
962
727
701
1452
713
1016
1657
1257
1581
678
984
1185
1264
189
911
1082
590
1327
1272
1938
1233
495
836
990
239
907
912
1460
466
1549
479
1071
1407
683
916
273
1326
811
626
1079
847
1348
1095
695
987
769
1611
702
930
794
1431
1101
588
1206
1083
1627
687
358
243
1554
1804
1143
1233
525
1289
1572
1739
793
510
990
1040
1350
904
1204
751
854
272
979
465
1298
681
411
961
615
1113
1062
363
1665
1185
971
1727
1044
1027
446
1315
1605
917
1169
837
721
1050
115
1088
1364
1384
817
361
1855
1510
225
1250
1025
672
1017
767
701
1417
1571
445
1496
1104
1286
802
1057
959
982
971
417
1018
538
354
1536
1723
1754
1237
249
1273
258
418
977
437
1308
352
1495
1315
1074
1810
1277
870
1645
1589
525
765
1231
1775
1061
1004
1235
1400
1943
429
966
923
930
408
742
1422
1290
1351
844
792
712
1177
313
1437
1041
737
1105
1174
1222
739
1409
1309
1212
1660
817
616
932
1218
1569
211
779
616
420
1179
996
1039
499
1270
1836
1027
208
1309
1077
1637
219
1129
904
362
495
917
1091
1388
360
804
1561
588
829
1445
1571
1018
479
558
1178
1490
1617
635
1058
1413
640
1189
464
924
1155
1034
954
1547
1025
870
753
1784
1143
1496
1300
1673
1501
1713
559
1156
1759
609
858
1757
1372
1476
1291
1103
541
1718
900
485
1295
665
1353
686
638
1026
1160
1292
821
1229
551
1151
639
1056
1105
579
453
1048
1310
1428
1271
1319
749
700
540
1684
1576
768
988
1182
1122
1158
886
1610
1635
1348
654
610
1733
1635
1847
1608
1070
948
954
1073
1804
984
1190
235
668
1537
1830
81
873
1095
324
673
1067
603
509
220
1445
1098
1192
890
821
797
450
1452
831
1259
747
1465
1144
1492
1552
1118
831
1275
934
1075
657
1010
869
1323
187
1419
862
1077
1194
1373
199
945
952
260
1630
820
1034
661
917
980
551
107
488
986
330
1259
1425
1569
1213
851
1084
624
911
1044
1697
116
726
877
1457
575
477
592
1818
106
1325
1531
506
1049
1013
1115
1320
1226
369
264
596
748
288
717
1113
1070
729
601
1107
1192
1434
1235
677
1030
1407
820
1222
1195
746
1621
1110
1490
1296
446
1396
1243
1790
1004
792
502
1621
920
482
1460
847
578
1744
1087
981
1242
771
1467
659
1208
1081
916
1458
1336
1259
667
495
758
754
1056
1351
509
1156
838
960
993
1208
969
1503
232
818
1249
1009
1817
1234
1008
1125
390
1103
499
782
1338
857
625
1116
252
780
1364
1022
749
595
655
702
702
1375
1889
359
1030
298
1882
676
1326
289
699
939
823
1686
284
292
818
807
709
900
1704
315
403
1288
1136
663
499
1723
964
320
1450
1560
774
937
790
423
1462
625
741
932
781
756
447
556
1509
697
902
929
977
518
1012
1427
1228
1159
742
1157
1585
427
1072
704
787
820
970
639
1254
785
1691
1042
857
1215
1464
1793
197
828
723
1283
1749
639
673
1690
611
212
1749
640
1436
1314
740
705
917
666
1127
1044
885
1281
844
1450
181
863
876
929
1530
613
655
1636
1427
1200
1544
1028
1587
1379
284
1621
597
1108
768
979
1115
1085
621
1603
1172
233
653
953
1376
742
1310
644
1448
562
666
995
1484
899
732
248
507
684
1325
1876
1062
711
474
592
1140
1101
779
420
1639
1364
946
1509
841
1406
289
1031
1217
1345
1133
526
1769
1035
802
795
700
1428
1005
1221
730
610
1033
355
968
880
1129
616
1107
1195
441
1009
1281
1050
871
1337
733
1001
954
482
1567
1695
1084
1030
1246
1209
813
1509
976
432
1040
916
1324
1589
1065
818
1345
1399
1281
1036
1442
1020
1262
1014
706
417
1650
437
852
1201
836
1289
341
716
894
610
860
1196
1565
857
817
1100
432
123
870
731
835
888
777
1772
1786
662
1554
1442
1518
961
405
1216
722
1185
565
1303
821
314
1380
619
1632
1537
1292
951
1378
1466
392
568
1311
222
1009
120
1391
848
924
689
1199
480
1412
1392
1055
783
820
632
786
1157
956
1229
1241
1343
631
1441
676
938
70
457
1115
167
1485
484
472
739
1292
631
1415
1249
376
925
1777
1123
1081
217
1069
731
1475
1276
1422
1071
1680
1716
1172
979
1102
1238
154
358
913
1456
802
446
877
752
855
983
928
1585
960
449
1722
701
1379
819
509
1321
969
608
247
926
1244
1091
1284
915
1110
1468
1432
1250
832
282
377
403
742
1533
1631
152
905
387
411
1207
1251
1135
261
836
293
1339
849
715
433
1884
812
1358
165
387
1885
771
345
555
1366
1619
235
273
108
486
428
476
1487
1941
923
631
501
632
1540
123
290
571
1042
1410
1070
482
919
586
1297
667
538
1401
907
461
222
1234
1201
980
1075
667
725
1283
817
774
1005
293
908
1050
944
1298
1028
600
637
1091
1234
1227
985
1151
993
765
437
967
1425
888
664
391
1227
932
218
1266
557
1325
1559
655
1343
466
1200
1897
383
847
1153
1227
794
1065
1290
693
480
1467
648
849
396
1222
947
162
1265
648
754
1096
1801
858
706
571
807
1473
246
1558
1735
1592
609
1568
776
1241
513
1498
856
568
1302
316
909
1498
1822
760
1850
1663
711
694
827
1133
1110
584
275
1184
1759
1202
1053
658
857
597
86
654
547
985
1076
609
880
335
325
1320
604
646
241
1157
1427
438
1213
768
846
1479
366
1672
295
1710
991
1449
629
1003
1151
758
1434
914
1494
1030
991
632
1405
435
621
929
370
1600
410
828
981
614
553
501
1533
1643
953
1468
1109
1661
1315
1777
1861
1541
874
225
1871
1473
1797
490
607
779
365
1456
1087
831
1377
963
1544
1236
1127
646
337
904
584
1439
261
1614
1763
1108
869
590
1235
1040
1458
254
873
1289
1069
1592
736
732
663
798
1008
1115
381
928
519
854
361
1232
1557
911
1253
700
1313
1017
924
687
1224
801
1119
1281
194
1073
812
1899
1038
202
687
753
451
1887
1301
1639
674
1109
1235
1357
1824
610
1002
796
685
1626
1406
1056
1339
1507
932
775
892
557
1005
223
1636
661
763
1844
1236
1619
1292
841
1024
1036
1338
1069
836
655
1394
1185
496
780
597
254
1701
1628
705
1717
1925
1118
225
368
994
1733
786
705
1774
486
213
660
1233
546
982
758
1030
1096
1182
1655
1216
1545
1255
887
913
707
1617
1311
596
732
1652
1000
57
479
1181
693
1215
696
949
460
1582
727
1031
819
848
1282
1052
949
386
1454
1103
1114
1126
390
1125
1176
1499
560
1435
631
1293
586
716
612
1076
1289
1156
648
1120
1228
862
289
662
107
1191
1371
1169
378
1446
1175
619
1801
1042
987
1445
936
888
1481
679
842
941
374
388
540
1540
933
362
954
1704
921
988
697
1266
1349
1180
420
919
864
229
1570
785
808
670
1517
639
340
644
329
729
637
1771
869
443
571
777
689
1301
805
1082
1886
736
1189
1261
918
1020
1938
1126
1493
548
828
1243
142
1720
591
1398
924
1011
487
1883
976
967
774
929
842
1235
517
1051
1354
316
1197
322
1253
1604
161
1483
1253
850
493
821
1207
1549
1615
1218
1642
724
1093
763
1537
440
1751
1376
947
1700
638
659
874
420
734
1308
1735
1605
932
1203
1514
412
1635
1041
615
829
1193
1625
1223
959
1241
482
1837
955
627
1461
1871
1007
276
615
1409
1558
559
1896
1143
997
1938
1457
634
1727
882
656
1388
355
222
1278
959
1327
382
167
407
800
1270
998
968
558
1267
560
948
907
601
697
1087
1055
1087
726
420
581
1287
403
1163
1237
1028
1011
1247
893
287
1301
68
323
1116
516
1397
705
403
1752
1044
1276
475
599
1047
1247
680
1556
1175
920
774
1684
593
1721
741
546
990
518
987
1008
1175
1660
1941
1555
1089
848
212
1152
703
265
1170
1426
452
1561
1050
320
1022
725
1033
1474
1755
1721
1487
145
104
807
421
901
827
249
918
1876
1585
867
1246
1358
1658
121
1399
1025
1117
1153
1305
871
656
314
1440
1124
1036
1203
106
285
1510
792
835
890
956
1036
1352
1251
1126
990
284
1395
902
1185
840
1423
1514
1240
1100
628
1134
1176
549
1356
1646
1637
1389
1191
678
1114
1145
785
1297
415
930
833
763
1405
780
1667
1051
1091
1277
388
960
1249
1853
876
410
1018
697
1506
1272
1580
650
734
704
954
1420
1603
689
1380
1417
736
1150
1208
1429
1785
835
760
1017
1400
1561
753
1067
1372
693
1111
997
1684
1329
1192
917
1059
79
977
705
265
1102
746
675
427
1126
1506
965
847
624
1472
977
871
923
1606
1285
856
284
324
52
1352
1067
836
1163
1159
525
808
1251
1136
171
556
619
194
977
450
1168
1327
1781
1019
613
1345
1488
1006
1068
655
630
1379
474
1476
432
485
937
1366
1170
1418
780
1615
1832
661
1876
360
1062
838
541
974
795
1028
700
1383
945
1012
837
1330
1282
601
1088
520
1506
252
1678
1538
1212
1338
956
1191
596
1501
1895
77
783
1169
1095
1286
787
1102
498
770
948
1707
1098
1012
1250
1673
772
1230
676
499
962
886
1897
1298
1580
1428
1301
1446
1156
1264
1161
1610
1169
1063
1303
1073
1802
521
1613
946
975
1351
453
803
536
792
