Correct Results: 0 | Wrong Results: 0

2
6
6
9
3
2
9
3
5
8
23
15
6
15
19
2
13
4
11
14
6
11
21
9
21
25
5
6
1
3
25
15
21
5
6
25
21
4
9
21
19
4
15
5
2
6
19
9
14
4
25
25
5
1
6
4
17
8
11
17
17
13
23
25
19
17
9
3
25
17
6
25
6
19
9
6
9
5
25
5
19
8
11
9
25
14
25
17
11
6
4
11
17
17
9
11
3
25
21
19
5
25
21
15
17
17
25
25
17
21
8
3
4
14
8
5
19
1
11
11
5
4
1
3
1
25
8
15
23
1
15
15
21
25
23
17
21
9
23
6
11
9
13
21
9
25
17
9
17
23
9
25
1
13
8
13
6
1
5
8
25
14
8
6
1
5
9
23
9
11
15
6
4
11
17
17
25
25
1
9
17
2
15
1
25
14
21
17
25
6
9
6
5
14
17
6
13
9
11
2
