Correct Results: 0 | Wrong Results: 500

885
444
886
363
482
604
484
844
486
724
84
872
585
648
864
886
888
450
854
850
686
192
1044
186
48
264
860
884
966
848
1318
888
828
452
888
28
904
848
848
448
866
880
486
428
1058
846
484
848
480
746
448
868
484
848
468
488
1288
1148
888
486
488
488
888
826
888
844
388
680
684
848
848
1288
446
508
248
248
628
452
488
924
888
608
888
848
890
168
868
488
826
666
845
426
844
886
928
648
650
888
888
714
486
480
488
444
444
884
888
486
1084
1248
488
908
846
844
82
488
884
728
248
888
488
888
688
1002
884
648
868
488
884
864
886
484
668
448
844
688
866
841
1286
468
448
458
488
460
871
688
488
244
888
644
644
1308
1244
866
882
188
488
848
846
644
468
268
868
864
486
924
1288
448
882
44
924
488
484
886
885
488
488
442
848
488
106
886
446
488
483
1288
844
68
824
460
686
888
489
526
465
868
888
818
848
648
883
1284
688
488
844
930
804
588
888
686
844
644
488
665
416
846
644
460
864
908
688
866
688
64
514
886
764
868
846
484
888
648
814
844
908
88
866
888
848
868
884
888
1282
886
886
488
888
888
684
444
844
888
1018
688
884
886
448
888
886
464
889
886
448
308
91
884
446
484
286
862
458
886
484
233
888
486
888
690
484
848
868
648
288
892
466
884
848
684
660
684
880
682
888
884
688
488
868
688
548
666
688
528
848
928
844
882
868
888
844
880
516
864
488
444
488
848
888
384
524
682
888
1644
484
520
88
1048
448
882
448
488
684
248
848
464
448
884
866
880
884
888
448
884
808
882
888
884
258
478
518
888
1288
456
668
848
684
484
886
888
684
1288
282
688
886
888
886
886
848
488
288
885
488
444
846
846
648
684
808
684
886
644
690
644
846
828
808
832
888
684
1288
844
462
484
444
128
872
448
888
828
702
468
886
868
288
482
1286
1144
446
892
684
864
651
884
842
648
528
1248
684
44
484
484
488
1248
588
466
888
848
888
484
472
488
884
648
654
492
888
888
488
468
688
488
44
288
448
886
488
884
664
1284
864
488
464
246
845
572
644
888
444
848
488
886
884
848
486
472
488
884
448
880
866
886
884
848
1048
888
444
446
488
848
888
888
1388
888
884
868
1288
868
284
886
384
880
488
854
892
488
1284
488
68
846
444
588
