Correct Results: 1 | Wrong Results: 199

888
688
866
1088
480
888
484
888
844
845
866
888
844
888
644
288
884
648
80
410
446
668
804
842
864
648
844
844
808
864
846
1088
886
684
868
888
868
888
50
648
848
88
890
484
446
884
691
888
488
268
888
848
868
844
884
25
648
854
688
868
528
484
866
848
828
602
444
888
808
466
688
514
486
667
42
484
468
448
848
888
84
488
484
848
664
488
844
480
645
488
488
828
84
672
1148
858
488
888
888
888
868
848
844
865
498
846
408
884
688
884
886
684
848
868
688
884
484
1248
888
480
888
888
444
868
48
480
488
484
528
884
844
288
428
488
504
288
484
685
888
611
184
688
884
848
684
848
844
468
888
484
488
848
888
886
846
864
488
844
466
1088
848
464
846
444
848
44
48
884
484
845
888
828
918
82
584
884
844
884
446
448
888
484
888
484
488
888
1284
868
448
484
864
426
846
888
448
861
488
844
468
828
