Correct Results: 0 | Wrong Results: 500

440
488
465
688
884
868
842
888
888
406
688
484
884
488
868
448
888
868
488
856
848
868
680
808
444
688
868
484
848
468
422
888
428
908
824
888
478
882
864
148
858
684
848
928
448
44
868
888
842
865
448
884
604
888
462
881
66
848
448
488
884
408
928
1066
848
804
888
466
664
848
464
848
888
820
848
821
824
888
1084
848
888
728
868
868
888
488
548
448
886
888
488
472
588
884
488
488
848
444
890
248
884
464
684
684
244
884
582
444
868
458
516
864
888
286
884
448
526
86
884
446
448
888
808
1090
884
646
488
848
466
884
448
888
448
648
882
628
1086
891
584
848
444
682
468
490
628
440
488
888
884
888
648
888
888
888
684
860
468
486
468
64
1052
488
286
528
888
491
864
1346
626
488
868
448
824
648
916
846
886
886
688
828
808
884
640
884
484
48
918
884
487
846
446
886
508
2
844
848
868
448
486
484
444
686
618
894
684
868
488
488
868
482
484
824
844
284
666
484
888
484
468
444
480
848
486
488
844
188
444
524
844
488
1184
408
888
666
808
808
448
692
868
886
848
888
684
870
488
504
888
884
484
828
64
86
846
848
848
844
448
492
888
888
484
888
404
1088
1088
486
88
888
868
88
466
471
544
448
286
868
888
914
888
446
1064
848
884
452
686
884
448
724
888
888
1188
846
886
888
884
444
684
524
444
888
486
868
684
884
828
488
846
844
406
448
484
484
448
888
246
884
444
884
864
851
444
580
454
484
842
408
488
886
1256
842
1088
486
688
1284
484
488
888
484
668
468
888
888
844
664
688
882
846
844
848
688
884
484
868
276
888
624
888
484
484
888
844
864
888
848
484
849
686
888
888
1184
448
808
888
884
548
864
884
868
1068
848
884
884
648
868
684
488
488
844
448
644
884
864
484
246
872
1244
492
688
884
484
424
466
646
448
848
464
448
446
684
545
686
848
880
446
892
884
1244
444
888
684
450
800
445
468
828
926
1146
846
888
888
888
548
888
682
688
888
688
450
666
888
448
648
848
1188
488
648
448
18
488
464
885
488
884
84
886
485
448
544
488
684
888
692
808
854
884
1268
848
868
488
886
868
692
1044
848
890
924
488
588
488
688
844
848
488
844
466
684
448
882
848
804
891
644
488
488
686
310
884
844
248
886
