Correct Results: 144 | Wrong Results: 56

799
1473
1638
1255
1509
1601
458
602
620
684
1473
652
991
1040
1569
1127
1143
1047
1306
1213
605
1344
1264
842
1453
1276
1536
1169
1684
1713
1227
938
1372
1252
688
664
1180
1242
886
827
889
543
950
584
1165
1385
1423
966
893
1024
808
1212
1168
483
1043
933
1124
1053
858
1034
383
1255
562
642
804
593
1641
279
1455
910
1669
1483
905
1116
610
559
405
1196
986
1034
1207
676
435
868
883
1834
1265
388
1140
1114
897
551
1266
1782
637
986
480
525
1209
1455
1078
1090
1789
565
468
311
1236
1148
886
789
698
957
514
614
1081
1132
881
643
544
1113
1759
1532
119
993
773
1304
893
887
820
866
1842
487
350
707
940
1366
839
768
1497
1207
491
1304
1453
298
963
1458
837
915
1120
1379
402
887
1365
1110
1158
1509
739
1281
1881
915
1164
794
1680
1054
1269
830
685
429
765
1073
1371
635
1263
256
623
1099
969
977
884
436
771
1518
1106
445
403
1075
622
933
1037
989
565
646
575
1743
1121
1559
429
1775
693
936
