Correct Results: 688 | Wrong Results: 312

1412
1267
738
578
1139
1186
902
660
231
529
388
1022
1074
1082
1450
540
1221
464
1946
474
999
1270
678
1154
441
662
1253
992
857
968
347
976
1257
965
1267
398
1021
967
1403
188
809
338
935
1046
1320
863
649
1100
624
1020
1409
360
710
517
823
1549
1306
630
814
737
1709
703
962
1060
1386
298
718
700
399
692
1387
621
1133
1181
917
738
645
1220
474
1117
36
395
132
861
330
669
649
676
793
854
524
868
211
651
541
1727
1048
1174
683
515
1169
884
1444
644
1071
623
1450
1299
353
482
632
794
1289
1613
969
1275
972
305
99
1312
143
1018
1012
1063
1522
785
931
1284
740
502
1294
814
1004
793
1548
299
1309
1026
1208
1492
1557
308
1414
635
1450
671
1047
1287
1031
1207
1116
1295
940
795
1718
535
1462
827
947
1246
1164
882
1269
1033
1291
251
1507
722
825
773
1075
801
882
623
652
999
932
438
1133
1327
1187
608
897
622
1061
326
1013
1558
583
1581
1361
1589
1334
1079
1295
971
1261
1655
487
1306
239
1067
676
836
864
1244
167
645
187
809
1268
400
1258
842
922
1239
1649
1708
979
1419
1641
1154
1224
470
1244
375
407
1731
1261
858
1051
1357
817
582
286
1711
264
965
886
1482
559
946
1569
1032
530
1526
1277
1063
747
589
1382
873
1101
1165
1175
881
1166
1889
1595
1287
390
379
971
616
1296
1487
943
1126
766
1263
1195
999
1246
667
1251
1678
989
1212
1396
820
288
857
747
1597
413
603
1219
1447
1233
923
1321
1537
1390
544
689
1396
1815
919
1188
1680
891
1159
732
1490
1557
1133
532
262
633
1374
476
998
938
1159
1139
1160
1005
960
1796
1180
921
642
573
1829
994
1123
395
686
1067
1173
969
462
1225
1609
1904
1529
801
812
1099
1220
1692
1087
1569
849
337
1319
1246
835
561
202
756
654
734
180
1187
1029
1269
1030
1155
745
1647
1233
840
687
793
849
319
1620
717
872
1254
656
1879
1043
1034
424
597
819
73
1364
879
662
1355
1182
1192
1273
748
677
353
1066
906
496
836
616
295
1056
1222
834
1031
593
800
1277
1481
1507
612
1363
868
1116
1745
492
830
1016
1071
997
1918
988
305
1556
1446
983
523
988
227
279
1689
1003
570
1704
1751
885
630
681
1522
884
735
1181
708
401
1192
715
386
617
1774
638
1062
352
1030
411
808
975
1048
1328
927
1064
711
126
1373
1003
598
622
1282
394
1485
479
1058
792
1368
407
1226
768
1321
1447
1367
511
1034
1364
112
552
1374
1146
925
1316
1844
1315
138
1361
1473
1005
1287
817
1071
810
1339
1126
668
1243
426
1619
483
1099
308
1027
1043
1472
1769
1137
743
448
617
325
1307
958
1028
896
1117
546
1411
420
843
517
1136
1124
1209
809
1039
32
1370
385
1139
998
911
602
1309
517
1328
1014
1488
1528
1172
788
1208
1688
1103
962
1585
1358
1029
550
521
1565
553
940
231
405
1546
1586
1262
803
947
949
417
1394
814
1014
704
1623
356
1672
1263
577
1615
570
188
1205
1072
1723
1245
655
988
1035
828
1568
1576
1841
922
1638
790
1571
1193
1003
1447
1118
1621
1118
985
1707
1269
1060
787
1821
532
919
750
976
964
326
1796
856
732
1100
1104
291
1842
530
1964
187
619
422
1678
604
715
914
985
1080
1433
744
1623
1459
763
451
1600
1735
976
684
242
1251
637
113
658
1017
1024
349
1047
1200
505
709
1947
1463
682
580
818
309
955
660
674
807
1629
995
1009
1679
1290
1176
1817
838
725
1384
1280
256
991
1095
1078
331
1301
1506
1677
635
1015
1562
1405
1057
636
456
809
1898
632
696
1114
935
1033
821
1217
1658
1016
1222
508
1136
1075
618
1017
1067
1232
1191
514
1375
180
1216
392
1264
700
437
1177
1378
1320
1112
905
430
1085
1555
987
1749
1099
515
312
1729
842
826
1403
1478
1277
798
984
390
707
1430
976
1725
1136
1328
893
1099
776
1258
1341
463
1054
837
212
303
177
1183
883
1118
1263
418
1243
939
1603
698
1493
678
1263
707
1004
511
552
768
1125
1303
584
517
1108
915
823
275
738
558
1272
805
355
1385
992
1224
971
1266
1618
1288
795
327
1415
1143
517
829
490
253
1725
1166
943
1375
1108
1167
1261
1231
591
801
706
817
1568
1170
618
1440
522
1196
919
395
508
843
1604
426
751
1655
1429
867
944
1067
648
370
344
1435
1263
619
851
857
629
1764
1171
635
514
653
1300
1751
1573
902
831
1330
605
1840
912
1173
772
1721
1000
1129
1420
1114
501
1001
1240
1055
1273
615
442
866
149
1338
839
1072
610
1464
538
593
1245
801
667
862
1718
1171
588
1251
1347
739
1399
824
991
1417
1554
793
1117
1074
719
648
209
1887
862
1029
741
1233
706
453
1271
1337
843
972
1605
416
1601
889
331
753
894
1464
618
1600
886
341
618
1417
831
1588
960
1045
1362
814
706
1836
417
1141
1888
521
1174
1011
350
1086
755
979
940
799
906
1675
806
392
69
1278
710
1012
1868
1194
849
764
1224
1252
829
1185
867
1403
1010
935
1441
901
1451
769
238
1391
940
1172
1419
790
1428
386
800
1097
1010
779
661
1085
823
566
699
493
650
952
1242
712
211
573
451
814
1725
734
1492
1532
558
400
1714
1174
1363
1085
1106
163
938
741
