Correct Results: 0 | Wrong Results: 0

2
6
6
9
3
2
9
3
5
8
23
15
6
15
19
2
13
4
11
14
6
11
21
9
21
25
5
6
1
3
25
15
21
5
6
25
21
4
9
21
19
4
15
5
2
6
19
9
14
4
25
25
5
1
6
4
17
8
11
17
17
13
23
25
19
17
9
3
25
17
6
25
6
19
9
6
9
5
25
5
19
8
11
9
25
14
25
17
11
6
4
11
17
17
9
11
3
25
21
19
5
25
21
15
17
17
25
25
17
21
8
3
4
14
8
5
19
1
11
11
5
4
1
3
1
25
8
15
23
1
15
15
21
25
23
17
21
9
23
6
11
9
13
21
9
25
17
9
17
23
9
25
1
13
8
13
6
1
5
8
25
14
8
6
1
5
9
23
9
11
15
6
4
11
17
17
25
25
1
9
17
2
15
1
25
14
21
17
25
6
9
6
5
14
17
6
13
9
11
2
19
25
2
17
14
2
2
6
14
11
2
5
25
15
25
25
5
21
3
4
11
25
25
3
9
19
9
9
19
1
9
6
14
17
9
4
1
8
3
9
2
9
6
14
4
3
21
25
19
25
19
1
5
25
8
19
4
3
8
21
5
14
9
8
1
13
15
4
8
1
3
1
6
17
25
2
9
11
3
6
1
13
25
15
1
25
5
1
6
8
2
8
4
6
25
11
17
25
11
5
11
3
2
21
17
23
25
17
6
17
21
21
14
23
3
13
13
5
9
2
19
2
19
1
17
11
3
13
13
25
17
9
6
4
15
9
13
2
1
4
5
9
21
9
2
15
9
19
25
21
17
25
13
23
8
19
4
25
4
9
5
21
9
25
9
17
11
25
25
11
1
14
9
4
9
11
1
14
9
4
19
9
19
17
25
19
4
1
15
5
11
17
4
3
15
19
21
4
3
9
1
6
9
5
4
6
6
2
6
15
4
15
9
15
25
25
14
3
13
19
25
15
25
3
15
17
14
1
1
4
19
25
6
4
9
5
11
11
2
14
5
2
25
14
6
6
17
21
14
17
2
9
13
6
6
11
5
9
21
17
2
21
11
17
8
25
4
9
4
21
5
14
8
11
3
1
13
21
3
14
2
11
1
11
23
2
3
11
3
21
13
3
15
25
3
17
9
9
2
5
