Correct Results: 2 | Wrong Results: 998

888
248
880
648
848
88
868
846
482
886
888
464
648
488
888
448
468
448
688
844
488
868
466
664
488
448
888
884
888
844
884
852
608
448
246
484
828
888
1088
446
448
488
468
868
444
446
284
884
888
868
864
868
60
884
448
844
884
588
442
848
884
888
648
884
884
468
844
448
484
840
484
844
88
654
886
1288
668
608
548
484
88
445
68
888
448
871
882
868
466
268
442
484
488
648
884
486
826
850
864
446
891
884
860
488
806
888
624
888
888
284
884
888
848
886
582
688
488
884
44
645
408
928
888
880
848
888
444
648
882
888
884
484
868
844
824
468
1212
88
888
888
448
488
884
888
888
844
888
1064
448
888
864
844
664
888
1086
848
884
686
448
844
864
844
488
988
884
448
888
884
688
480
868
848
486
488
848
468
486
464
844
868
848
388
484
82
488
904
844
844
484
884
484
848
888
808
888
884
868
884
888
806
468
908
84
488
886
884
444
668
488
604
688
884
868
646
464
648
844
404
886
884
888
824
884
244
844
686
446
868
804
48
864
868
684
888
488
484
468
848
888
484
888
848
884
847
888
1288
888
486
688
858
844
848
828
858
18
804
884
291
448
888
584
444
868
688
444
848
488
845
686
1264
244
664
704
881
888
848
408
688
884
448
408
88
488
448
884
1146
888
886
486
466
486
364
448
484
684
848
824
808
1280
888
484
488
888
486
846
851
888
484
448
688
844
448
849
884
448
268
488
488
688
868
878
848
488
288
848
1148
442
886
848
886
888
888
868
886
848
848
488
648
608
868
846
888
648
444
488
284
918
808
484
424
484
484
464
488
844
844
884
888
846
488
480
848
488
848
444
458
884
288
448
446
888
444
644
886
848
46
884
448
84
828
484
4
848
868
888
648
884
484
484
450
866
488
40
480
884
884
888
884
482
646
444
664
884
884
408
828
884
464
488
842
483
804
548
864
848
888
824
848
846
864
248
808
466
848
444
688
446
682
888
426
646
684
848
486
848
864
886
464
886
888
868
446
886
446
488
884
1040
488
884
648
846
468
404
884
48
446
844
484
644
484
828
484
465
428
844
888
848
864
648
868
664
688
604
484
888
688
408
484
888
688
868
688
488
644
448
888
486
488
688
856
886
884
884
884
48
904
440
886
466
488
804
824
448
886
848
1088
484
844
648
488
868
448
464
808
448
884
884
820
884
446
888
488
868
688
889
44
688
864
468
1088
68
86
488
448
1184
488
488
860
484
444
688
886
808
848
64
464
488
308
48
884
1104
484
438
884
688
684
484
244
490
1088
484
892
688
886
444
848
842
888
648
884
884
886
448
448
888
884
847
888
484
685
484
668
844
886
648
644
442
688
871
468
668
884
1084
888
848
606
484
468
484
492
886
448
481
448
448
486
668
484
446
646
842
488
844
841
848
488
270
246
668
448
680
844
848
889
48
428
840
644
488
491
48
848
888
448
451
846
916
68
648
885
22
480
848
845
448
882
884
848
888
688
860
86
883
884
488
864
688
888
884
688
848
888
445
1240
484
848
848
491
886
844
688
848
884
684
844
664
888
888
888
865
446
444
408
488
482
884
848
848
626
824
484
804
480
884
885
888
868
888
444
866
948
688
888
848
468
316
884
1048
450
448
488
488
648
444
888
460
864
1240
484
882
844
888
802
688
266
484
444
688
884
588
852
46
406
884
848
888
888
865
808
286
888
484
244
888
884
484
888
884
448
844
444
844
688
848
484
844
820
888
444
444
1188
888
688
488
686
868
868
888
684
888
644
608
644
86
348
844
818
866
458
484
244
888
458
888
886
884
448
888
848
464
488
864
448
442
488
884
708
848
880
671
844
424
286
688
888
448
264
292
888
1040
288
888
868
448
848
425
884
848
888
886
488
688
484
888
484
488
486
884
884
884
864
644
888
890
668
464
884
888
88
468
286
448
806
858
888
846
670
884
464
844
440
646
488
848
448
888
888
848
468
866
448
880
488
484
686
285
488
490
888
884
488
848
846
448
468
406
488
848
886
422
820
848
886
886
888
488
884
448
484
806
404
804
850
688
448
688
848
684
726
278
484
1088
842
408
888
48
841
248
688
488
448
888
484
84
644
884
648
444
1188
484
888
448
806
848
844
888
824
884
68
488
888
688
486
244
868
888
844
486
840
848
88
888
848
888
844
848
484
868
224
1258
846
485
884
888
800
448
888
888
888
484
488
488
848
844
888
480
844
488
486
848
888
888
844
884
880
468
609
864
868
446
866
848
528
848
244
448
528
440
848
884
840
848
484
848
854
588
888
484
488
866
