Correct Results: 6506 | Wrong Results: 3494

758
1386
609
1068
1259
1669
494
611
974
1065
866
945
681
1460
825
978
1046
1374
1004
788
1048
811
568
516
1033
1309
108
736
1535
926
1156
140
1096
1847
1077
568
554
998
1584
1113
857
596
1366
710
1122
758
752
1485
1147
1197
891
1155
255
531
840
674
791
277
1165
284
1394
719
982
1675
1371
957
1708
1634
791
1003
1080
841
401
706
1168
1697
1239
963
1063
929
191
444
1069
1022
1691
1221
1411
1661
1144
711
798
540
1018
273
1421
1527
619
426
1464
720
392
970
1088
106
1724
1151
931
1315
473
1085
1302
1444
1436
292
533
541
982
1023
875
1145
886
1267
847
1310
282
1176
1052
1072
733
874
851
714
283
761
1119
1109
519
1336
1680
1602
1296
898
1465
666
1244
1495
378
537
1326
1430
603
161
1472
593
1828
1224
448
750
918
829
85
1543
362
990
904
538
845
1476
528
502
1293
872
1092
993
447
275
1048
283
775
1634
1442
1164
1805
1620
1627
871
1402
878
698
1327
599
1285
799
1281
1288
296
792
1002
379
1126
1004
1161
608
1173
896
953
149
1498
968
1127
1719
1406
1561
1266
1624
1083
1193
1036
900
634
1913
715
1117
411
1393
1162
1191
744
1590
589
1301
672
785
571
1595
1425
764
560
260
1090
1496
913
827
1093
1001
873
224
553
952
666
1171
439
1295
1651
1372
730
1114
1447
1328
1232
635
1481
927
1362
1152
1679
1128
967
931
786
1378
814
1616
792
908
981
1153
740
468
1272
954
624
875
1580
923
398
1560
839
1051
47
1317
1896
358
527
489
988
1251
1400
584
841
1628
1016
839
808
1247
592
1740
653
338
927
499
268
290
1883
520
1660
849
494
906
1016
1388
500
848
632
537
908
1701
1693
601
1668
877
1389
772
104
1701
436
907
946
1091
1165
1040
850
1394
1364
1191
798
1859
1836
1165
1030
1789
837
1081
973
805
898
1139
1005
1174
967
1112
842
1640
1035
1079
937
1608
1330
1300
1385
494
854
675
1554
874
745
1218
951
1452
1105
1811
1591
360
981
413
1354
1299
1077
821
539
1440
925
1313
814
1941
1061
1249
927
1230
793
1424
1066
1120
789
1096
909
990
1744
793
1004
1655
1610
1133
1588
595
934
1162
1512
913
1519
1102
494
938
1188
387
1272
1046
292
1092
1379
635
919
1146
1195
1321
562
1324
670
1129
446
924
1127
1071
1564
552
155
1955
1677
1362
1171
283
945
593
952
711
366
978
1243
1186
468
1365
682
1094
785
1287
1370
1112
1394
996
973
244
1497
1218
496
1552
825
875
1209
1202
1126
1391
786
730
970
1653
1436
779
1484
1932
229
224
1863
1413
808
1959
839
1551
1884
737
541
714
532
933
1477
1579
754
1785
1490
1353
1154
913
978
1481
402
1798
1092
990
1212
1193
1650
1195
1713
936
1562
1257
1221
303
1019
488
1677
1022
706
1114
1118
884
327
781
537
1003
732
550
1170
645
1449
769
149
829
882
626
1189
550
1179
779
826
1189
1133
1115
886
48
1766
969
1196
947
926
552
1051
346
835
1630
955
116
724
963
951
1657
1044
1738
1250
1523
1079
984
1244
1202
267
589
665
89
1543
1249
585
629
1222
1662
926
830
1751
711
1697
500
1847
197
888
531
1561
1485
897
1275
793
1089
888
1360
1042
1052
372
500
681
1174
838
1107
1215
883
778
942
584
897
1374
536
1405
958
1511
925
1560
397
1551
1534
551
485
1415
806
811
880
1083
473
351
264
1557
922
1006
857
1459
818
376
1156
784
439
742
1236
675
1069
1303
1000
1222
867
715
886
1348
870
765
1040
573
1166
96
488
755
1160
625
1690
1265
637
1401
1288
1399
506
1783
250
1010
1875
1560
831
1700
656
1382
1302
1699
1022
630
453
887
1110
1002
651
636
1111
1083
1540
725
1226
1065
378
972
1179
226
482
1806
1275
1297
294
1053
849
1464
1032
870
625
1215
1791
1053
502
1122
1000
557
1401
784
1341
1596
850
1399
1526
283
1348
611
941
349
529
1121
1380
815
1587
1250
884
985
1141
1299
589
531
922
700
1369
1481
599
1737
1208
1310
736
1176
1326
1196
958
1213
435
407
581
795
488
1645
702
564
1561
653
128
1670
1065
782
995
701
944
1172
869
856
1355
536
1119
1422
1363
1233
1504
912
659
1364
559
1651
1584
920
1817
1258
934
530
1086
289
680
1354
907
825
1076
1117
1598
1422
300
1014
1035
1032
1131
1065
1586
538
1462
814
147
1437
1397
742
1509
1192
161
614
694
1020
717
789
511
581
637
470
1700
1239
917
1014
1539
401
994
560
746
1456
1113
710
566
622
931
1187
996
1243
1615
1205
1096
1045
1099
465
1202
1393
258
1652
847
931
536
1369
1421
1552
822
1738
253
558
1333
1753
518
1226
1447
1566
1334
933
1650
1855
1157
1385
1170
1221
1690
912
246
932
664
1702
1136
727
1778
746
1930
1353
949
861
1196
1176
1223
1075
1245
1223
723
690
1055
986
1107
1750
505
1264
568
474
882
1125
814
1451
1100
1874
901
1199
977
1140
396
867
1039
1081
677
723
820
819
1149
1535
638
1204
876
996
1537
391
880
1218
895
961
1644
1069
904
1528
862
972
1666
356
1030
958
1678
849
531
1333
194
1058
755
745
927
1735
678
1140
829
600
795
1065
1129
1318
788
283
992
312
452
1168
1227
693
910
669
810
915
889
1012
472
568
1146
1000
1181
245
347
1244
1219
1099
1692
1075
826
661
709
461
1111
1329
522
157
884
900
519
647
691
875
1807
228
1361
790
1048
392
1418
1593
1057
1740
92
1646
880
221
1294
315
803
752
1022
1635
549
456
1241
828
1101
985
1588
930
1351
1411
312
1415
1106
591
271
1027
1594
1683
760
717
1444
1079
708
896
997
1095
1084
1052
1142
1126
1028
937
386
909
1371
726
1040
1059
561
1151
1111
1243
1257
1118
1585
472
1216
524
1717
979
1234
595
489
448
827
997
1020
462
1580
931
499
305
718
1279
419
1006
689
488
823
760
1443
605
656
766
613
429
275
1571
397
1296
821
1490
523
1681
1550
827
1104
659
1170
1047
734
221
962
528
1262
1421
989
1059
1349
1554
723
747
1316
1325
1340
495
312
731
1656
1043
976
1137
1718
1070
1288
226
445
800
315
1124
339
820
1281
583
1359
798
1162
679
206
705
930
1194
1470
813
929
1203
742
1133
1935
1318
1097
1516
792
971
561
992
1339
1899
1311
770
517
1549
1550
622
1381
872
191
1739
661
1240
1482
1408
555
1129
1449
1113
1256
1088
501
1167
1119
1472
520
1020
1299
1875
857
887
1085
426
1120
725
594
774
1450
1246
1715
1777
126
1059
1329
1158
1293
1397
1091
1046
978
1214
943
914
1465
1022
1251
1425
622
231
1283
1340
1071
866
1018
1874
561
1225
1268
242
1817
1036
920
1083
1462
1504
341
791
728
1074
511
1357
185
804
902
355
1434
1647
608
1337
1095
1257
1382
914
582
1255
1220
1751
1699
699
1155
1117
509
990
269
1022
1385
1131
451
1505
1926
646
1054
1458
430
926
672
1060
528
452
1042
1004
1132
734
541
1598
1287
1084
1228
1438
1046
1650
1590
440
1013
1292
1196
674
888
960
171
1301
1070
1924
1410
553
389
1746
959
1325
577
916
766
988
1682
1377
1409
663
1510
868
663
857
1164
964
1136
377
1389
987
1005
1418
556
242
975
1461
1379
147
1334
1660
560
740
511
859
701
1053
686
1633
1524
897
1439
1385
1829
747
969
1047
1398
1375
1073
1247
1156
406
859
795
873
1139
758
1676
1075
593
1105
1659
1401
1395
1083
1087
1063
680
1037
75
1432
1051
1219
1303
204
1582
653
585
887
710
1764
1171
364
995
1273
1572
1419
441
785
1372
1650
1129
931
1333
1331
1523
1210
1455
900
808
879
891
1531
706
387
429
905
1097
1190
663
506
827
826
566
1263
894
712
1295
1324
1145
1063
934
783
511
982
618
583
1329
1226
443
1051
337
924
1473
530
908
1327
689
1243
390
798
1098
417
1122
1272
769
1386
1162
1037
1426
1015
1118
1775
1052
1412
520
1205
945
958
820
1572
833
1108
1131
1861
936
1389
833
894
799
1598
793
1379
954
221
893
433
1166
785
736
1741
805
1444
1330
831
1239
1023
1557
235
787
577
1175
1251
1415
1039
943
512
1415
1463
1599
501
801
796
933
1598
729
578
1630
643
986
1055
700
958
1466
1864
1769
1057
626
475
1132
632
852
700
1911
1947
419
1359
333
1312
1648
1094
1330
201
368
1268
476
850
1048
728
1691
642
884
394
1349
446
1214
1341
1897
776
835
1744
913
669
1014
988
347
1273
996
1768
874
1419
368
936
1172
555
1640
1270
1576
1201
1226
1449
654
1696
492
424
1220
1373
1605
1156
1111
1162
386
792
871
1688
342
1340
396
1793
1392
1179
1246
956
1902
867
583
1218
1220
582
256
1291
1598
850
684
1386
968
436
901
1290
606
1621
657
428
999
1037
725
649
1300
809
1087
397
548
1121
511
754
623
839
1036
812
362
1281
516
194
1390
1711
1119
687
598
1694
906
1195
991
1072
690
390
1083
857
1567
1492
415
1352
1046
989
291
1039
1503
1654
1399
882
1324
981
241
841
1185
822
322
498
1383
495
877
1628
1102
1398
968
934
840
1238
516
144
1540
1304
641
752
162
1193
346
1088
1635
1032
422
660
1170
732
762
562
1125
662
794
507
1164
968
1250
1208
378
1276
1384
936
956
1902
647
1025
1511
974
421
1361
1534
1977
314
738
1236
1112
803
1122
878
956
783
154
1074
742
1895
1902
1125
1379
1897
1397
677
432
1138
845
1261
966
1608
733
390
663
989
689
1225
413
616
764
880
439
1453
1322
1197
1727
492
1415
1070
552
1891
1740
581
1376
484
1127
157
1160
604
1184
788
432
986
1400
1481
1040
1849
990
748
886
1692
200
872
1090
547
1148
806
983
460
1108
1210
976
1396
588
694
679
926
1098
1021
1847
1888
996
618
940
1263
568
1368
1618
455
737
1874
395
457
967
1182
423
808
491
795
1463
1058
1117
488
454
407
1830
876
1011
1382
1314
1462
1255
385
543
1193
552
1437
1246
810
1158
969
512
554
1608
56
770
1292
1112
225
907
321
1429
1136
574
610
437
1383
1366
852
1681
192
1191
1472
291
533
1328
1075
1730
726
598
1080
304
761
1065
1018
1827
1021
1432
808
366
181
816
1474
994
1068
893
795
1582
686
1293
701
1521
1354
986
1490
712
1646
552
1152
908
968
602
525
1117
378
931
1619
1219
555
1018
997
1738
779
836
938
351
822
1072
419
443
1213
1483
1167
1163
604
636
1354
745
863
663
1310
1226
896
504
906
1102
1857
1661
872
609
997
749
1353
294
1318
1273
369
1393
1754
1851
431
985
1109
702
1211
706
1046
1306
1034
1060
620
1192
1519
795
1407
1468
1028
1342
505
1610
946
1317
1502
1169
1135
1631
1758
1671
1412
1513
1206
952
951
904
1481
1275
1011
839
1849
205
149
841
415
1499
1143
366
851
1144
980
370
650
168
490
838
1558
1103
420
1095
1629
1222
830
914
1174
1252
895
874
866
1214
1018
914
706
1033
1249
565
460
1718
864
304
933
559
1015
784
1602
1230
344
1112
1765
1837
998
1830
964
709
1494
996
406
1115
1129
1748
946
1148
738
1441
820
1423
1230
1078
1484
971
1047
285
1793
1493
810
859
921
1051
986
1493
636
1101
590
1234
466
503
556
1135
986
702
1107
1040
111
1806
1451
457
874
1319
1269
1676
986
616
1551
1078
1095
1196
1814
185
1302
1708
761
1179
386
1280
1822
821
341
1305
1069
796
444
1528
972
1349
873
397
739
1687
873
1084
1102
1675
478
1703
1631
1210
404
1478
1063
613
1234
632
845
1095
704
1007
905
664
1155
1195
1089
1408
662
1304
1485
1496
544
869
1347
497
1094
1305
1136
1175
1351
224
896
1173
1564
757
620
1810
621
1534
912
952
1214
1711
764
170
1198
873
493
1144
1543
904
1800
983
1224
1604
1203
1564
647
931
1799
1100
664
513
823
506
1271
1544
877
606
675
138
725
1401
389
1028
388
1108
770
877
1343
744
997
1104
1161
1302
989
695
612
855
497
1360
787
947
1345
868
749
1268
1115
361
1225
1656
705
774
156
1217
1580
1126
1682
1069
859
692
1656
750
148
966
907
1247
612
1216
1531
647
561
1017
364
364
930
1081
1633
1651
966
741
1004
618
621
1180
1727
1856
1155
941
1378
1086
1151
1774
962
1434
563
914
1011
1371
1169
929
1046
476
578
378
585
869
546
1058
941
1543
985
547
569
1364
345
635
942
1415
988
336
1044
831
1457
823
1820
1504
726
832
304
1272
969
673
1457
963
1306
984
1030
1000
1411
1153
713
1195
1634
1226
1198
483
960
1704
779
1014
997
534
562
677
535
799
401
1733
974
644
1426
1226
1577
918
1023
833
922
767
971
382
102
1192
976
984
999
1126
512
910
1026
1626
1199
1167
387
630
311
1901
1199
1123
579
930
806
596
588
1581
865
1023
955
832
882
1522
1482
642
760
1063
1154
437
968
682
1080
849
468
1488
578
603
1035
372
446
884
739
1634
918
969
1232
1205
423
1771
1157
1108
871
1192
1014
743
1562
1409
875
1175
323
856
1180
1163
994
1147
1007
1034
1132
1106
1036
457
180
715
1609
813
1150
1645
1041
1349
376
857
1593
1513
1023
643
1198
990
226
1491
1207
1513
542
1176
995
694
223
918
1622
1503
1237
802
250
1844
819
353
430
1141
289
1643
1143
866
1674
748
1110
915
1695
1305
383
992
682
1123
986
1297
1007
1804
998
807
1671
1724
143
960
1064
703
498
966
915
1164
576
802
1457
1154
998
459
1731
1101
1331
643
1381
1235
1266
1536
851
595
1176
586
1064
872
577
435
1099
1287
424
848
1639
1024
616
1426
597
1330
694
1197
1239
413
1408
756
846
1402
1412
251
1314
926
1457
1412
734
1132
513
500
1197
841
1011
1172
1449
1309
1087
883
1334
1015
1448
268
1033
488
1004
854
605
1410
549
810
941
611
1560
1142
1073
1195
215
1178
1595
560
63
1372
916
516
1742
906
1321
1333
729
485
1868
633
1062
860
788
1251
1465
1181
1486
896
945
1047
775
1079
919
1038
1278
1093
1561
658
889
1207
1151
948
1918
1539
1655
1173
470
1351
817
1570
863
1708
597
445
1327
1206
1108
446
1146
1438
1684
1113
938
762
776
1528
1115
317
150
1163
1265
1182
1814
50
1286
65
657
357
1135
896
349
1669
911
1038
1256
669
1384
626
431
509
938
1125
1258
688
1051
540
1594
871
1125
1345
1109
1876
576
695
766
1220
975
1781
393
1212
938
1274
953
221
1120
1561
1520
1012
726
71
1283
809
617
962
971
728
946
706
1352
639
865
737
409
1421
807
1298
927
1149
677
853
390
1866
322
1047
1315
1582
961
1487
1234
1742
1165
1277
1599
474
1280
546
1591
1047
617
744
1015
1351
1380
989
1454
1878
1154
350
1338
726
724
774
897
1312
1236
984
792
729
1131
700
1336
153
1170
1171
1147
841
794
1836
939
1233
1303
737
1272
1702
1387
1242
1160
1426
574
929
937
721
821
1822
1090
622
1459
1094
717
516
1534
1945
591
790
1585
975
740
1712
1231
1816
1235
676
592
847
527
1879
907
688
892
1313
1171
833
1071
939
1139
175
234
1112
919
1132
1408
963
772
1104
1123
419
1243
1056
866
927
841
1411
1328
1135
1114
796
1647
1742
1388
1134
1075
893
945
1168
1476
1430
1952
982
344
1378
1012
1857
1615
1580
1008
1148
1074
1134
1539
1161
255
1127
1360
548
300
1046
817
1383
927
1095
1541
1296
1426
1176
1110
1424
804
1194
711
1045
1160
578
739
1723
1207
1418
996
698
838
871
616
738
1783
1215
881
848
699
1183
844
516
822
1276
1917
1348
1032
466
959
1090
1218
1282
1043
68
848
1058
228
711
1552
987
1789
341
641
733
1354
387
397
825
1026
1421
860
1284
928
1284
1546
949
976
1085
457
482
833
846
1096
1199
514
1098
1110
1273
1547
1706
193
612
1468
1064
1577
1207
1495
593
1195
1518
940
1475
809
639
386
431
1211
1020
188
1665
1122
1544
588
200
524
366
1359
1553
244
908
1419
144
1126
1131
759
1592
1135
931
1308
1007
1493
1644
628
1418
705
1245
1548
889
760
959
408
1432
1686
1048
1712
832
752
1745
1493
414
660
1127
720
853
1096
1044
615
1904
800
954
1183
1101
1869
635
1393
1730
1701
1107
783
780
166
1418
1245
801
1636
415
1879
1844
1073
1163
1288
1357
989
1486
1173
1576
758
619
1321
1746
270
1137
1196
826
1788
1259
1566
1117
207
304
673
473
981
1447
944
749
1300
576
1637
848
438
1512
1058
575
752
836
745
387
991
850
696
1018
282
1679
913
844
1481
475
801
1264
334
671
1445
231
1217
919
858
595
550
1200
777
1633
964
1130
293
841
519
159
1414
667
880
261
363
760
794
308
1048
817
769
1287
1443
599
1510
1015
1385
877
1524
1376
301
1363
484
1194
183
440
1897
1156
919
1404
568
1441
985
1850
254
166
1102
436
641
579
798
923
1563
603
1677
1272
1379
1175
865
1039
489
250
1276
500
1458
407
912
1478
1060
579
1627
1182
1650
1353
1415
937
630
381
843
1457
1376
1290
1531
1244
1394
1812
691
557
503
1315
273
1388
694
833
522
1168
1092
1348
891
1718
995
276
877
520
1383
525
1550
1220
1595
1046
1086
726
1634
1589
1429
494
1213
1347
944
1485
1650
686
1199
1526
1232
816
982
1411
1410
1789
1513
1521
604
1254
989
399
1612
791
928
1119
420
1105
1508
1019
907
1021
988
1300
126
297
898
1065
1724
877
1617
1233
661
1323
850
1288
987
841
1359
672
538
1285
1643
1082
247
1507
1185
940
1244
456
957
862
661
950
903
601
833
704
804
401
1531
1243
674
1067
528
1436
419
257
1157
583
1473
775
1258
763
482
1204
1043
1500
1061
798
956
1335
986
1187
56
970
911
1549
1537
1265
267
1555
422
553
1721
1204
1296
907
1152
1077
1344
1206
728
1219
1275
695
1140
1646
914
866
1613
904
605
772
1637
1153
1057
757
1737
795
482
1117
1233
1445
991
468
1334
877
1399
1203
267
1359
931
1350
984
628
645
827
1544
1213
936
956
178
906
525
760
1035
750
883
1419
341
642
912
1053
973
816
303
1291
1324
1625
999
496
983
1152
1022
75
283
1042
654
1602
1104
1235
931
1054
1161
1161
1088
650
562
1372
661
1518
1141
1383
1140
992
722
849
1583
519
864
1552
524
1413
208
1301
628
775
1085
981
277
732
1633
934
928
524
446
1114
788
1064
724
993
1448
370
1003
1375
629
381
1241
383
1300
913
654
629
931
937
947
947
1725
852
1458
1649
1351
548
781
1451
438
612
787
1475
163
1106
504
1481
1828
428
1308
159
867
525
844
778
1710
1885
1275
177
1219
1413
1082
1306
1645
441
418
536
912
303
744
970
801
675
738
394
983
1291
1277
925
1321
1608
745
757
1241
694
468
918
1253
1489
702
604
1181
517
1054
966
1082
949
1685
674
918
1113
1572
769
791
861
967
1173
1016
928
690
257
1658
957
989
1352
1442
1603
1514
862
1396
1351
497
1360
605
1083
1361
1598
590
766
812
514
234
1210
1232
946
544
186
1328
1887
663
433
1414
1016
1781
787
1358
1576
1460
1788
835
1104
1503
586
1320
476
1215
857
830
783
1544
528
926
370
1048
676
1524
438
865
1304
597
1342
1153
1815
1173
1323
1055
361
704
1148
1311
156
1037
788
234
912
454
1386
663
1523
1044
1322
1701
682
1049
1065
899
830
392
1231
1534
802
702
989
1538
1048
653
443
803
1822
824
652
1596
769
900
980
1426
1847
1125
967
254
497
188
1285
1147
1191
458
722
1314
762
922
1255
852
1231
1444
1355
599
1201
941
760
890
1294
577
825
1245
1294
1035
703
1505
854
772
1021
791
1342
371
1346
664
13
641
885
1308
843
1351
1526
877
205
1648
1684
595
894
431
644
826
644
1059
552
714
507
1392
1647
974
814
1420
776
1777
790
510
811
868
975
512
910
879
868
820
1064
922
1371
1700
963
748
1331
1417
1537
1147
1773
501
830
910
1018
1307
663
1577
1615
1107
1171
1274
612
706
679
1200
284
1391
732
1270
870
840
731
405
466
1092
1397
942
1468
1409
1419
1389
1002
826
1611
206
1064
1486
1310
1016
964
399
175
1111
1060
543
1760
944
720
901
1498
780
1443
1209
1529
924
1191
610
1108
1386
1087
1108
1538
1242
1511
190
530
969
1377
1200
1190
631
1207
1384
1022
829
772
1141
1207
1329
700
922
1414
16
617
1335
1456
623
635
1015
966
1584
1015
605
361
1765
477
751
739
1662
823
1445
775
736
837
613
850
721
1617
383
1098
1112
1059
1750
1594
971
972
1888
899
933
573
1138
1158
1053
1827
1011
1497
986
438
586
608
1230
1385
990
1665
613
1162
943
1392
1819
1033
1156
1660
1287
1395
901
1062
1017
856
1145
1077
1043
1183
204
965
397
1827
1209
845
1091
840
1375
1455
1053
1307
469
1753
1778
520
1134
1873
357
1279
1111
1642
499
983
1471
1416
839
563
1444
1147
398
1371
1032
578
714
1581
955
1562
800
1713
119
1004
1179
1107
684
933
412
422
583
1404
817
1033
987
1182
382
1170
1342
1770
1337
579
1488
666
1690
1278
930
1272
1253
1368
934
1489
805
1095
762
1758
1096
790
1245
427
337
316
1116
1154
356
1395
984
1178
536
731
1432
1009
1333
732
524
327
1103
1766
1673
1461
970
975
1692
1423
427
1953
1383
288
689
1325
1317
409
604
1498
855
1327
1087
1065
1128
960
972
897
712
503
1250
1462
1393
1326
1511
1631
646
739
1692
721
469
848
722
1137
905
543
1089
935
527
1585
1254
961
1159
822
1692
1148
933
637
1063
527
908
1473
177
1446
840
835
855
1316
1022
1392
1289
879
796
801
1029
1107
798
1261
1641
1261
951
1438
995
1639
206
1180
1271
500
768
1201
537
1326
1100
1084
1218
656
1489
1199
813
805
663
231
1810
1385
1029
324
990
1707
991
793
432
862
840
488
1643
1210
1002
948
391
747
1283
512
1024
332
189
376
532
1611
1506
1740
1437
730
787
781
1334
281
1351
1107
1620
939
685
1462
1153
733
1122
251
1352
1457
215
1871
536
949
383
1144
112
987
906
1167
777
1041
597
1524
1110
324
930
870
1267
1026
434
224
1058
912
1479
1512
379
1228
729
1092
879
918
1384
1381
914
626
1191
909
224
1062
1042
601
1461
1068
1400
738
1631
388
1241
1513
1263
954
957
216
1811
865
1142
1522
777
606
495
668
1653
1642
793
951
940
638
1419
1086
615
1347
943
1234
545
1504
584
814
938
1681
1213
1590
224
1129
445
966
917
1566
807
888
1257
1068
898
1412
694
1114
1064
452
917
1338
1054
1248
872
986
1170
563
703
367
1572
1579
1011
448
1266
873
1622
1326
1613
1466
832
954
218
1171
1137
554
1215
653
1428
815
905
1154
1150
1157
1346
1097
1192
966
1454
1345
324
1038
1240
1049
841
1341
862
284
642
1520
1200
1244
400
22
1435
529
1852
1176
969
380
1096
875
1572
755
652
1077
1249
1651
1543
1198
651
503
1064
316
1496
519
1216
1766
1098
1003
1753
1150
1526
1354
726
811
834
585
876
1355
495
1416
903
1056
1080
968
846
865
894
1494
1198
290
841
406
1100
982
485
1254
1611
1780
655
797
1246
1017
869
664
923
1423
730
1545
1044
1191
1134
1586
406
857
1146
874
1395
1789
295
1265
1353
1867
1085
145
1500
1352
1618
1429
412
938
1092
777
505
566
676
1277
1714
1641
128
476
1050
1048
1075
1516
627
1645
906
265
895
1428
1221
655
833
1338
1436
1103
912
1323
1107
802
888
1266
1066
853
524
1338
1005
708
1272
1431
1129
691
574
974
962
1413
686
1160
1132
765
1308
1258
1399
999
1308
1763
1053
589
609
691
719
1208
579
933
577
779
1925
1208
1228
1687
1122
804
625
865
641
806
1043
1713
629
1287
54
1389
1498
1141
1639
901
1297
649
1673
474
632
785
1500
1093
1071
460
1179
1152
1380
607
1434
1168
1230
1601
1360
961
783
1517
386
1060
1071
871
1171
1191
1135
1164
1677
1325
939
830
891
579
920
1564
418
899
1706
1356
825
697
1212
1137
664
834
563
128
144
787
1146
136
687
655
1240
698
774
764
869
992
1246
753
189
1023
784
471
45
983
1001
321
760
113
520
1260
679
932
31
1184
1977
1527
499
187
861
533
1051
1584
1505
536
891
1342
844
119
752
1442
259
1254
606
697
841
1409
1001
1125
1003
1560
1731
862
1310
1392
516
1355
997
1871
116
844
816
1291
574
858
404
1768
1312
1041
1782
806
800
161
1641
535
1293
799
1443
1090
1420
1043
254
859
1499
679
1116
881
984
1388
1127
1057
1413
1087
1382
1366
1288
1410
1159
1037
994
1184
1149
1001
535
818
497
873
848
642
612
953
879
1012
725
352
857
712
1366
1067
1226
1199
721
734
950
1029
785
122
684
1702
1558
669
1153
1434
1489
922
785
1141
656
1226
741
1205
495
1659
1442
1168
1505
355
664
910
1236
785
532
1457
911
934
1470
1225
1067
1302
787
1068
1524
1258
1127
848
1108
1551
1166
1711
1670
900
1078
1355
1415
1073
1228
445
1860
821
839
729
937
1166
757
1427
1177
979
878
1690
1289
1072
1328
656
858
1631
593
927
1321
1894
497
138
802
420
1053
377
447
974
534
831
475
1331
910
1350
696
526
1270
1006
848
1350
570
845
919
976
1208
293
766
1050
1632
659
1373
1352
829
706
410
135
723
1347
805
1322
730
679
1422
994
1654
359
1041
944
951
1459
991
1395
1343
521
1556
644
1938
586
1424
672
1501
102
1426
933
1168
213
770
1309
1527
1083
1041
1541
1381
1303
716
171
1132
525
1476
1458
842
582
331
508
1215
159
941
1150
766
1333
720
1543
1548
707
1137
929
783
447
1276
1524
493
788
1139
1194
1629
962
1072
1628
1434
752
712
1043
1408
1083
543
173
1151
992
1364
1491
808
1500
904
1094
1012
1000
1294
1524
1749
1161
1777
1503
1015
359
879
1328
658
774
993
790
1260
777
739
1065
1552
265
672
610
1534
1072
226
1752
294
942
1309
894
1525
355
1921
1307
1525
1476
1339
655
1421
844
235
1497
1704
805
613
998
1300
686
1281
1100
1142
1300
1615
507
1247
198
824
1121
1148
1137
453
1030
970
1276
1184
1072
1317
832
1106
436
1518
1052
1202
716
1539
992
1819
801
925
693
449
860
884
883
566
1477
888
324
1192
1708
304
1782
585
1712
1429
1177
247
572
847
1399
1115
328
719
947
933
980
1454
1563
1076
302
1142
876
1100
1104
1499
466
1134
1554
1044
1184
872
926
704
491
971
1072
574
1142
418
829
1480
1417
266
901
912
1565
1503
329
831
582
758
1306
1579
1370
1313
1301
455
765
686
946
1273
353
1215
960
1018
1429
345
555
703
1212
571
292
1714
1281
1512
1091
445
1064
314
1269
651
1084
789
1935
616
1057
395
1046
1444
1527
1427
491
908
532
528
212
987
1508
182
961
1142
1030
940
770
1219
1170
1009
1414
309
1703
1280
1314
1154
649
1122
455
261
1568
570
1626
85
755
299
791
1461
287
1555
585
1243
708
789
431
1514
361
1039
1519
1171
1166
261
1882
1459
373
796
292
718
730
1062
1107
443
1310
517
673
417
618
727
1862
1279
931
759
1514
1100
368
946
864
1481
844
1923
933
550
1015
854
592
1642
1474
976
953
974
923
219
567
277
1035
816
1684
473
631
529
714
312
1571
1367
1122
339
1038
448
1551
1028
773
982
1571
1420
752
843
1191
1565
1035
795
311
1546
890
1531
1168
1688
1458
1082
711
1268
941
493
307
610
1400
410
418
1177
418
890
1402
1322
790
1429
1467
975
1210
1520
965
1311
618
1544
1500
395
1302
835
1069
1128
703
584
963
1433
917
1656
1396
1859
703
1234
217
875
968
973
1202
1439
1443
1089
1470
1140
696
733
1385
862
1191
814
833
198
1366
558
1203
631
1221
1676
1648
1028
1001
1367
1123
961
858
382
1194
1052
283
1165
1173
1311
1592
1325
344
982
401
1394
1509
307
699
1334
686
1718
1473
1678
1295
569
671
728
632
1132
1523
1077
1285
1296
1120
987
1122
1245
686
1080
1164
234
1147
1279
871
644
1332
454
932
397
1715
742
506
1379
902
394
1139
1017
1637
62
671
878
1328
262
1231
1582
1042
755
746
1061
228
669
1466
1569
1475
312
1141
1471
783
1238
1014
1344
560
1057
1098
1205
1184
254
287
478
1436
799
1719
1140
495
982
294
1033
760
1344
79
696
582
1318
655
668
1243
1653
1118
1067
972
1291
906
1377
340
1332
994
1505
998
1305
794
1958
1457
868
1148
461
963
975
852
845
431
1561
1160
773
442
316
1406
678
1371
1463
873
871
1585
995
355
773
1439
662
670
606
1432
1762
262
1285
809
938
769
1526
1255
523
1229
1391
566
564
757
1061
725
1624
1022
817
429
1131
1092
1551
981
795
924
998
981
777
1126
1623
1477
1765
1690
889
1271
1082
856
871
910
447
793
493
1474
1250
653
407
117
1063
426
1715
1459
1805
1184
1623
1534
1283
1585
875
1479
1168
62
1382
683
1147
1133
1332
884
1721
926
737
1135
1743
522
905
1025
1221
745
932
835
1382
1208
1767
1717
1498
414
1572
1022
387
1172
1280
1775
517
986
594
1365
639
614
1478
859
964
421
864
593
912
955
612
661
1007
835
1445
1428
1354
392
1524
598
882
43
153
269
751
926
744
863
1152
668
1834
1390
782
815
937
927
842
688
916
823
873
942
1128
72
1177
159
1520
1007
408
1040
1491
639
1048
785
443
561
1249
816
612
523
1170
826
1031
800
993
542
865
479
941
1528
1373
547
983
646
320
1049
1351
541
759
548
971
844
1646
303
1745
639
1071
963
1351
1841
630
1834
1602
411
746
684
1252
885
1230
415
1096
596
1221
1653
641
1455
1024
1153
1308
1133
1357
647
591
1325
739
1593
391
1211
855
663
1322
1039
1191
1093
556
524
1238
387
1270
498
775
1221
880
1433
544
1402
1133
1242
1179
588
692
1355
990
1156
1628
345
1456
680
1300
1102
929
125
1274
991
730
799
963
1181
1137
855
1005
1584
514
384
980
1021
840
833
864
1220
1752
1080
1723
922
1208
1057
1079
1167
880
465
793
1311
734
1009
1170
1663
1955
755
1031
1021
1367
1390
414
1142
664
936
1684
1523
480
500
1139
956
617
1990
808
1057
1158
224
1169
1106
895
458
1220
720
691
962
598
377
1890
1113
130
971
932
1312
1624
653
1455
1184
601
527
1361
1850
394
1185
1029
463
847
510
994
1138
485
778
1675
738
1161
1264
1366
1727
920
174
1487
1295
1560
1431
874
1718
1171
1573
1325
1620
1418
1300
471
1593
1694
982
925
690
975
1009
1196
368
1126
284
223
1079
333
1669
1453
1042
1498
858
1545
1033
888
676
519
432
1478
950
761
1085
1373
558
1308
883
894
1524
753
906
1194
500
1131
1260
1163
1501
611
828
1323
812
842
1168
1519
895
1192
791
552
656
684
759
714
593
882
1249
1581
1346
1352
688
778
1628
1040
1326
935
1446
1318
1136
927
1069
1246
406
938
1655
753
1086
637
688
1047
584
916
1738
1410
1383
1383
1536
1481
763
602
1399
399
1301
1164
1078
1325
615
1732
1636
1399
1318
1456
383
242
929
1067
1008
611
1147
573
1457
1626
1193
1009
770
1227
1077
1829
1154
1129
1282
1048
1088
1582
644
1067
813
1112
1837
651
921
704
937
1243
1290
836
1072
1227
935
735
981
1179
573
1861
489
1314
413
536
953
367
1685
888
582
917
909
1062
1174
1603
697
1465
684
979
309
1471
1647
972
842
1429
823
753
1067
923
882
1566
1660
1702
1338
129
1185
753
798
1665
145
1317
992
586
397
877
1444
751
996
698
423
1101
1416
1268
650
870
1006
500
1218
440
306
1037
673
1045
990
526
883
1077
1836
1076
700
1381
885
693
1109
1061
909
452
774
1355
490
1076
1096
1359
1331
1156
1726
710
905
606
931
956
1747
1374
169
1391
1256
194
846
1806
808
1445
890
353
782
1149
1629
595
1794
959
1005
1508
1704
1291
91
1272
752
1814
948
346
897
1075
1200
979
1503
1304
707
735
423
1071
1570
1345
802
863
1454
1501
743
1205
859
611
178
1287
782
1522
320
1096
1093
1048
1086
695
1146
447
602
1828
951
563
1459
1596
1205
1459
502
888
1370
292
856
886
338
806
1068
1307
1657
575
1388
1003
1044
1533
156
569
1056
827
710
244
703
1325
1182
1298
1207
450
588
1317
1301
332
1088
1110
1458
747
1078
1537
885
1063
160
1642
944
1369
667
447
1701
1147
1001
1344
404
505
1429
1389
1351
1240
872
1579
838
1602
798
1500
957
1370
1212
404
1580
1379
455
1349
852
1382
1250
642
940
1426
773
881
1449
713
1196
1045
1296
1069
1190
1070
1001
476
1280
646
649
525
631
669
1413
1316
1106
733
1275
489
1419
1104
1020
962
1497
824
1192
990
918
1641
1456
1414
910
528
1665
966
1815
1494
1146
1330
1294
1100
1105
577
917
1568
1472
1465
1361
229
1244
777
456
768
832
1024
1561
1048
162
196
1006
1104
261
1013
1083
1592
1164
294
1070
1074
1730
1000
434
1029
903
1525
1038
1380
1100
746
1460
775
869
1166
1052
814
825
1116
1206
853
1361
496
1448
875
582
578
1709
1397
787
71
1342
1169
1882
383
1292
1354
1252
1900
603
866
170
915
1286
1214
1526
504
1068
1867
290
673
1188
1058
1030
1349
588
1436
664
1168
872
729
824
1071
1136
752
1678
723
818
1070
1882
656
948
939
989
713
1743
750
656
1591
1061
1040
1030
1734
1523
902
1024
1181
1547
1091
1546
1755
980
1220
1543
1715
942
876
145
747
821
1377
1649
1156
341
903
593
1392
1783
334
1615
1090
1595
431
698
771
1689
1085
455
913
1606
904
1712
1675
906
950
881
672
573
962
1333
1079
1145
1543
1293
1035
1168
839
1683
466
222
587
571
784
1348
1542
1056
962
1022
1294
1395
808
425
945
857
623
532
1164
1251
1373
636
886
542
1331
625
1703
1200
494
582
1311
610
1650
1108
1727
1334
627
1150
767
1702
676
1160
803
1943
951
874
704
811
1429
951
331
1757
984
1605
1227
1791
1380
561
1119
1042
1174
121
1143
948
1211
1408
326
1225
693
1295
681
1221
431
789
921
1147
1587
327
850
1428
1024
1121
1327
691
1190
421
1524
1177
1250
635
1435
1359
901
638
1020
906
766
701
697
1374
1553
1097
364
914
1163
1228
1632
383
1214
312
1526
1198
1479
708
562
1067
970
1311
1567
849
1466
643
1450
1317
1273
900
424
1075
957
1174
732
1581
1223
1280
354
534
1703
637
320
676
783
775
81
253
1508
1553
1667
1289
709
512
895
1354
1671
751
1116
1171
1199
1818
1740
295
1204
238
914
1076
1173
995
985
304
798
859
940
1848
232
1404
1151
1315
564
1636
886
1380
1059
886
1144
1648
873
1477
1479
852
415
443
1075
651
881
810
981
635
790
550
1315
1137
976
1188
635
483
535
1045
587
376
173
665
1142
900
1217
606
944
1235
269
1155
1260
809
1529
732
224
537
821
1060
1591
1540
968
1682
743
1687
478
731
501
1623
604
1872
429
961
704
492
975
1047
1704
1088
1080
1163
1272
625
1079
952
1014
1323
1018
1905
1356
1504
429
1538
968
1339
1562
501
351
1126
819
1323
871
1496
1011
1299
1140
1022
830
242
683
1723
1121
1431
1221
359
870
1081
814
572
415
1491
612
1012
1643
1615
1238
1454
1264
1619
752
1140
1416
630
1429
1493
1015
1324
1174
1044
1063
903
960
919
780
1905
1054
1115
1854
1384
611
836
529
863
1282
1590
745
1643
1392
928
998
1091
1686
1515
272
1673
1535
809
880
1282
677
1335
367
1084
708
383
621
199
1956
729
1237
484
1167
375
633
1647
601
986
717
414
103
1093
866
1600
1034
1170
447
310
1336
870
849
947
550
871
1304
1251
950
684
668
931
1199
233
1004
1286
1495
1801
850
1131
1113
1247
139
866
1396
1660
1155
1067
1135
1378
1048
974
349
1219
1033
1363
779
1132
1120
1215
1581
1357
567
233
347
135
931
1229
1024
1008
964
710
685
1660
996
1178
481
694
788
805
1145
1181
714
617
90
662
664
906
1525
649
1068
966
1517
1805
704
819
1301
1353
1299
179
1244
766
753
868
1598
324
1018
989
668
899
952
1748
671
1516
625
673
1650
669
1832
650
703
983
1061
702
373
604
906
1269
1010
1315
1276
1327
1001
284
806
778
1056
774
457
1199
1024
374
728
955
1403
1332
973
627
883
1089
835
1462
884
739
509
1662
1883
1466
662
230
1175
1467
942
1071
1051
949
1394
924
1073
371
1305
429
1058
1453
1398
931
1130
805
1636
666
1728
1568
1586
765
839
671
736
940
416
905
483
1443
809
817
1074
775
1098
657
659
1020
1144
1365
493
937
304
973
417
690
716
1038
1261
1305
539
1431
317
947
843
328
1701
622
1674
1686
935
653
863
1107
834
986
903
1108
758
1754
1057
1095
480
444
1028
878
1859
990
1492
485
506
117
1750
307
579
1139
1109
375
828
439
1479
851
741
1069
1432
683
1425
1168
953
317
1291
1323
569
762
874
492
712
1007
1276
351
1097
1384
1254
725
1099
1052
1596
1175
1715
976
1406
238
1744
1517
1623
1240
478
1499
809
840
1200
1433
1673
1272
811
1165
1458
1193
1044
242
1839
1066
851
737
892
1564
465
695
323
1771
208
54
807
1769
556
1315
1340
986
359
878
1275
1122
908
656
295
1613
1368
780
527
1182
1233
1120
1318
1307
1132
339
1656
1469
12
1249
835
981
1205
1223
848
676
1632
1330
1257
290
775
997
1480
1259
693
111
972
476
980
1409
794
1191
813
388
962
544
689
1350
1053
938
849
1064
1462
928
1363
988
1207
527
401
910
984
1191
1397
151
988
574
1389
1236
964
98
1311
723
896
1215
1057
360
1677
1133
1587
163
1067
1122
1444
1349
962
1152
1789
921
763
1154
854
195
933
1184
1404
1186
1353
839
755
1322
814
472
387
1707
207
856
1525
1766
812
761
207
1157
1114
1084
252
162
708
1769
1035
605
865
684
1674
740
986
1117
415
1020
848
1196
1100
709
153
1052
700
912
1401
682
1051
1050
753
533
810
1277
822
1101
446
1613
705
928
1721
1468
1042
935
802
463
598
1698
223
1859
1037
992
24
1406
1010
1058
270
747
1457
1496
979
1691
1347
1316
914
951
494
754
883
1465
1702
1430
1579
1631
684
830
1287
950
978
431
853
1597
1377
1408
1532
1067
796
245
1790
764
648
1078
1159
806
1085
1613
920
673
541
1277
971
594
817
734
1332
607
944
1075
1236
1305
1533
606
1638
1146
1570
1491
885
486
989
259
1016
1020
1467
1483
1537
1427
661
985
682
853
914
503
597
1536
1306
650
1412
1358
300
1427
1702
1384
1482
1068
1162
658
748
520
1130
837
1213
984
1263
1570
526
1224
1270
675
1525
1016
1087
972
1015
1143
1667
1136
313
1086
659
1734
1794
111
979
397
890
967
1573
1426
1027
581
884
1004
1163
1770
668
392
763
363
1200
27
301
1299
476
1197
1161
1110
1297
1576
1140
993
1619
1092
980
512
603
1215
1336
679
1138
1156
305
568
727
500
806
686
1669
465
763
886
956
1018
868
1148
1019
442
949
226
189
771
624
978
885
1260
1496
845
1020
1482
1683
599
1290
662
1826
254
941
1271
1655
1505
980
841
913
1678
1524
560
597
893
1080
247
1069
1043
1350
1607
1751
1004
763
832
1306
1235
881
1308
313
982
1128
1058
1081
1408
757
486
574
870
1794
1152
1408
682
983
1271
549
1078
1337
526
1029
1880
753
290
1249
1527
1021
913
908
947
1538
715
1626
1059
397
1383
261
815
1249
1258
1342
488
1138
966
1189
882
930
149
1121
1143
550
933
1282
1753
214
641
369
1029
1316
1253
691
1065
532
1393
1757
1516
835
1202
1063
1046
767
608
1714
1752
293
1005
804
167
752
1193
1289
930
1218
957
1049
1275
567
1758
717
1554
1658
839
942
1508
873
524
711
165
673
619
912
662
1536
570
865
1639
1371
1860
445
164
1466
411
575
836
641
367
995
939
839
1319
1048
1704
1004
640
1145
1435
1333
698
549
332
584
754
1831
643
329
1017
583
979
1608
1147
1831
1106
758
419
857
1458
674
644
1259
849
1389
1197
1029
1539
1425
970
1200
1162
996
518
1005
1051
898
247
1761
1947
593
713
1177
837
979
1272
892
1159
911
1131
15
403
1518
683
1024
740
450
520
1236
964
1179
1257
513
1948
1023
1155
853
1384
695
1723
871
353
1674
838
1786
1273
571
441
1442
319
363
1201
1109
428
1286
881
1059
893
814
852
1411
1858
489
1216
762
1227
1375
1517
1438
1111
1314
936
574
1046
1533
1452
1031
514
1704
1418
364
634
1206
1289
424
1097
1248
962
365
1296
377
1007
1309
579
928
454
541
1717
270
744
1437
845
773
697
1519
1188
1241
914
1437
691
1466
712
1340
1035
1165
1052
1185
469
638
797
980
1594
1291
1164
159
984
914
1322
577
854
1271
323
543
951
959
851
492
859
1221
762
1033
689
697
162
1049
1074
1202
682
864
1545
362
1444
1413
1150
1323
1066
1533
1151
642
1217
1803
779
865
939
1422
1137
842
1054
1553
672
1936
1588
1519
347
1647
959
986
689
971
948
1333
1025
692
946
428
1517
1642
946
946
623
962
974
1817
1274
1127
1148
1364
848
1379
344
1074
943
1771
1271
559
152
1163
1656
780
429
1105
1799
818
685
245
953
719
1387
567
1931
165
1096
1774
1233
658
1244
1395
915
1300
873
999
1200
979
1184
1635
1540
1462
659
1659
935
1378
1018
972
924
1616
1484
1133
849
607
598
1029
623
921
980
814
683
850
990
1077
1524
710
253
1436
1475
1113
534
1433
1049
1024
701
1321
782
1802
1614
987
565
1012
543
1789
959
1115
838
1696
739
608
637
905
660
1180
543
1140
1794
1349
1622
1371
1413
448
1200
1451
1413
1639
739
817
758
900
1083
1418
935
592
1029
1146
410
821
1177
566
1047
633
1782
1313
691
1453
582
828
536
1081
389
1168
1035
1206
1677
1482
1037
534
669
612
1260
1590
1058
521
670
1121
541
1028
476
305
613
1873
923
113
834
524
474
1352
961
1291
1113
897
924
956
1699
767
1361
516
496
1397
520
354
571
1480
989
689
997
956
607
1054
496
1363
973
1175
297
1012
1128
833
381
1015
1076
1223
333
1224
1037
1226
944
1426
1205
976
195
614
1588
942
701
1137
675
1509
880
371
1385
972
786
1016
620
473
1001
527
946
730
936
347
545
1776
1518
1467
889
529
915
124
1589
1360
856
901
426
757
1229
669
1061
1291
1333
826
1401
944
1304
217
754
1419
1379
584
1265
1048
453
1281
1329
975
580
418
1044
1883
984
1469
771
1731
1535
1297
438
863
849
1755
1486
784
756
1480
624
1262
549
1506
687
1046
755
1381
614
1136
837
1278
670
898
1304
1580
448
1128
1710
672
806
1145
861
370
1154
424
453
1840
1285
1252
330
1121
540
1391
650
450
716
1257
651
870
1032
1499
432
1513
1096
1062
1027
1388
72
974
328
825
1260
1320
1017
1021
768
1834
1764
813
907
920
1512
964
1460
1218
1284
954
720
1179
627
1637
993
201
741
1669
1017
842
660
1415
312
957
1740
898
1242
408
1477
586
752
639
938
1245
1046
934
415
876
923
1332
890
978
878
1640
1522
1071
1373
1034
1176
695
164
1435
394
625
1623
1362
1018
488
1555
396
137
1045
1143
695
1539
1239
1394
713
1758
1614
761
222
1343
450
249
1405
1389
798
1538
970
779
1117
1036
1415
1033
1445
1096
704
658
448
1308
1696
649
661
689
1252
1259
1400
839
1079
715
628
559
1251
942
874
878
845
913
1372
766
1067
483
1565
1401
1278
658
1499
1038
735
986
1658
1223
987
841
936
1627
744
325
563
1495
1349
1141
400
1020
570
1129
1592
591
1646
1013
733
1071
1619
971
846
177
1113
1335
1401
1621
1353
936
540
1165
1364
1049
1155
921
648
256
1076
919
1265
595
587
1401
1080
1505
1852
1218
380
1653
1406
1460
1738
1396
1275
1387
1583
845
1257
1895
1164
1341
1182
1173
1103
1348
1452
804
1530
566
1121
1453
617
986
1064
932
1025
768
1441
938
1317
1513
1895
731
633
958
1332
1311
1618
1185
66
1318
638
1400
1764
1067
1474
1056
716
851
408
753
962
527
701
1452
713
1016
1655
1256
1581
688
984
1185
1264
189
1511
1062
590
1327
1272
1918
1233
495
836
990
539
907
910
1460
466
1747
479
1171
1407
686
1116
313
1326
811
626
1079
847
1348
1095
1195
987
1239
1611
702
930
792
1431
1101
589
1206
1153
1627
687
358
243
1554
1784
1143
1233
525
1289
1572
1789
793
510
1000
1010
1350
904
1204
751
864
572
979
465
1293
981
411
961
615
913
1062
363
1035
1185
972
1727
1044
1027
446
1315
1605
917
1119
837
721
1050
115
1068
1364
1384
817
421
1855
1510
225
1250
1025
672
1019
747
701
1477
1571
445
1493
1084
1286
802
1112
959
982
969
417
1018
588
754
1035
1723
1754
1237
249
1273
258
1118
977
637
1308
352
1495
1315
1074
1810
367
875
1645
1389
725
745
1231
1775
1061
1002
1235
1400
1911
429
966
921
930
408
782
1422
1242
1351
844
792
712
1177
913
1437
1047
737
1105
1174
1222
741
1415
1309
1212
1655
817
621
872
1218
1569
911
779
616
420
1179
996
1339
499
1270
1836
1027
408
1309
1077
1618
1019
1149
934
362
495
917
1091
1388
1165
804
1560
588
829
1445
1051
1018
479
558
1185
1490
1619
635
1058
1413
640
1189
464
1624
955
834
1054
1547
1025
870
753
1791
1144
1496
1300
1673
1501
1708
559
1156
1759
709
858
1752
1372
1476
1291
1103
541
1738
900
485
995
665
1353
686
638
1026
1160
1292
821
1235
601
1153
639
1056
1105
579
553
1050
1310
1428
1271
1319
749
700
520
1184
1576
770
1068
1182
1122
1158
886
1010
1635
1348
1154
609
1733
1635
1847
1608
1070
946
954
1121
1804
987
1260
235
668
1537
1830
81
1473
1095
424
673
1067
603
509
220
1445
1098
1192
940
821
797
450
1252
836
1259
747
1465
1144
1492
1552
1118
831
1275
934
875
657
1010
869
1323
187
1419
912
1087
1194
1373
259
945
952
260
1630
870
829
651
917
980
601
187
488
986
332
1259
1425
1569
1221
851
1084
1224
1409
1042
1747
118
726
875
1457
575
777
612
1618
106
1325
1531
647
1049
1013
1115
1320
1226
369
264
596
748
288
715
1311
1070
729
1103
1107
1192
1434
1235
683
1030
1407
820
1232
1195
996
1621
1110
1490
1296
446
1396
1241
1790
998
792
502
1624
920
482
1560
847
578
1744
1087
981
1242
771
1467
659
1208
1681
916
1458
1336
1259
667
495
818
754
1056
1351
509
1136
838
950
993
1208
969
1503
232
818
1249
1012
1637
1214
1008
1145
390
1153
499
782
1338
857
626
1116
252
780
1862
1022
749
1295
655
702
702
1380
1784
369
1070
298
1682
676
1326
889
729
939
823
1686
284
342
758
807
709
900
1704
315
403
1288
1136
663
506
1723
971
320
1450
1564
774
937
790
423
1462
625
741
932
781
756
447
56
1519
767
902
929
977
518
1012
1427
1228
1159
742
1157
1585
422
1052
704
1487
820
970
653
654
785
1691
1042
857
1215
764
1793
197
828
723
1283
1749
639
673
1690
611
212
1749
640
1436
1314
1139
705
927
666
1127
1044
885
1279
844
1450
181
863
876
949
1230
613
455
1431
1427
1200
1547
1028
1585
1179
284
1621
597
1058
768
979
1115
1085
721
1403
672
233
653
953
1376
744
1310
644
1448
1062
666
995
1484
899
732
258
507
484
1325
1876
1062
731
474
592
1140
1101
784
420
1639
1364
1046
1509
841
1406
291
1031
1217
1345
1133
526
1769
1035
802
795
700
1434
1004
1221
730
710
1033
355
968
880
1129
616
1807
1195
951
1009
1331
1045
876
1337
733
1001
954
482
1567
1693
1089
1030
1246
1229
813
1509
976
431
1040
916
1324
1589
1125
848
1345
1399
1281
1036
1450
1020
1262
1013
706
417
1650
417
850
1201
836
1299
341
786
894
610
860
1196
1565
857
817
1100
432
123
865
631
835
888
777
1772
1287
662
1614
1442
1318
961
405
1222
722
1185
565
1303
821
314
1380
616
1632
1537
1292
951
1378
1066
392
574
1281
222
1009
128
1391
848
924
667
1204
540
1412
1392
1055
793
828
632
786
1157
1026
1229
1241
1343
429
1441
676
438
70
457
1115
167
1485
484
472
739
1292
631
1415
1657
376
925
1777
1023
1081
217
1064
731
1475
1266
1422
1071
1680
1714
1178
979
1102
1238
161
358
913
1486
802
446
877
752
855
1033
928
1585
1160
449
1422
701
1379
819
509
1371
969
608
248
926
1244
1091
1284
915
1111
1468
1432
1250
832
286
377
433
742
1533
1631
152
1205
387
401
1247
1251
1135
961
836
293
1339
851
915
433
1884
812
1358
165
387
1887
771
325
1155
1366
1619
235
273
108
486
428
476
1487
1941
923
631
501
632
1540
123
290
1071
1042
1410
1070
482
919
581
1267
667
538
1401
907
461
222
1234
1201
985
1075
667
1130
1283
817
774
1074
593
908
750
921
1293
1028
600
687
1091
1234
1257
985
1151
993
765
467
967
1425
888
674
391
1227
932
218
1266
557
1325
1559
655
1343
466
1200
1698
373
1447
1153
1027
794
1065
1290
693
480
1267
648
849
396
1222
987
462
1265
648
754
1096
1801
858
706
571
807
1473
244
1558
1535
1592
589
1568
776
1241
513
1498
854
1018
1302
316
909
1498
1822
760
1850
1663
1205
694
807
1133
1110
584
275
1184
1759
1202
859
658
857
597
86
454
547
985
1046
609
880
435
775
1320
604
646
241
1164
1427
438
1213
768
352
1459
366
1682
295
1718
991
949
629
1003
1151
758
1432
914
1494
1030
971
632
1105
435
1221
929
370
1600
410
833
981
614
553
501
1533
1643
953
1468
1109
1661
1315
1677
1861
1541
874
225
1871
1473
1797
488
607
779
365
1716
1087
1431
1372
963
1551
1236
1227
646
337
904
1384
1444
261
1614
1558
1108
869
590
1235
1041
1258
254
870
1289
1069
1092
736
732
663
808
1008
955
381
928
519
854
361
1232
1547
411
1263
700
1293
1017
924
1387
1224
801
1119
1281
194
1072
812
1804
1034
202
686
751
651
1887
1303
1639
744
1109
1235
1357
1624
610
1002
996
685
1126
1409
1056
1339
1507
932
775
892
557
1005
223
1636
661
763
1844
1236
1619
1292
1541
1024
1136
1338
1069
834
455
1394
1185
1196
880
597
254
1701
1628
685
1717
1925
1118
225
378
1004
1735
786
705
1564
1286
213
660
1183
546
982
758
1030
1695
1242
1655
1216
1545
1255
887
913
707
1617
1811
576
732
1652
1000
57
479
1181
1093
1215
696
949
461
1582
727
1031
819
848
1282
1052
1449
1086
1454
1103
1114
1126
390
1125
1176
999
560
1435
1031
1293
586
716
612
1076
1289
1156
1248
1120
1228
862
589
1462
107
1191
1371
1166
374
1446
1175
639
1809
1042
1487
1545
935
888
1480
669
842
951
424
388
540
1540
933
512
1054
1704
921
988
697
1286
1349
1180
420
919
864
229
1370
885
808
670
1497
639
340
744
329
728
637
1751
569
643
571
757
689
1301
1105
1082
1886
736
1490
1261
918
1020
1938
1196
1493
1048
848
1243
140
1720
591
1898
924
1011
487
1883
975
1369
774
929
842
1235
517
1451
1414
316
1197
322
1253
1603
206
1483
1253
850
493
826
1207
1549
1619
1218
1642
724
1093
763
1537
440
1751
1376
947
1700
638
659
674
478
734
1308
1735
1605
932
1203
1522
412
1645
1041
1027
829
1193
1632
1223
959
1291
482
1837
955
637
1461
1869
1007
276
615
1409
1558
1859
1876
1141
997
1939
1457
634
1727
882
656
1388
355
222
1278
1279
1327
382
567
407
800
1070
998
965
628
1267
560
948
907
601
677
987
1055
1087
1206
920
1181
1187
503
1163
1242
1028
1011
1247
793
287
1301
138
323
1116
516
1397
705
403
1752
1045
679
475
599
1047
1247
660
1356
1175
940
774
1686
671
1721
738
546
990
516
992
1008
1175
1660
1741
1554
1089
848
212
952
703
265
1170
1446
452
1561
1050
417
1022
724
1033
1524
1755
1721
1487
145
104
807
421
901
927
1049
978
1876
1535
867
1246
1358
1628
121
1399
1025
1115
1153
1305
871
856
314
1440
624
836
1208
106
285
1510
792
835
890
956
1036
1352
1251
1121
1040
286
1395
902
1185
840
1425
1514
1240
1099
628
1104
1176
549
1856
1446
1657
1389
1191
678
1114
1145
735
1297
415
930
833
763
1405
780
1667
1051
1091
1277
394
960
1049
1753
1676
390
1068
697
1426
1272
1590
650
734
704
954
1420
1583
1189
1380
1417
731
1148
1208
1429
1785
835
815
1017
1400
1631
957
1060
1372
693
1111
996
1684
1329
1192
917
1057
79
977
705
265
1102
746
675
427
1126
1506
965
847
624
1477
975
871
926
1606
1285
856
287
324
52
1352
1067
836
1163
1159
525
808
1251
1136
169
556
619
192
978
450
1169
1827
1781
1019
613
1345
1488
1006
1068
655
640
1379
474
1476
432
485
937
1366
970
1443
780
1595
1702
661
1876
360
1061
838
541
974
795
1028
700
1383
945
1012
837
1330
1282
651
1094
520
1476
252
1678
1538
1202
638
956
1191
596
1501
1695
76
1283
1169
1095
1286
857
1102
498
770
948
1707
898
1012
1300
1673
772
1230
676
499
1212
886
1896
1298
1580
1428
1251
1446
1156
1264
1161
1680
1169
1063
1303
1073
1802
521
1613
946
975
1351
1053
803
536
792
