Correct Results: 738 | Wrong Results: 262

1412
1467
938
578
1139
1166
902
660
231
529
388
1022
1074
1082
1250
540
1221
464
1946
444
1004
570
678
1154
341
662
1253
992
857
968
347
976
1257
965
1267
398
1021
1167
1423
168
809
338
935
1046
1320
863
649
500
624
1020
1409
360
710
517
823
849
1306
630
814
737
1709
903
962
1060
1386
298
718
695
394
693
1389
621
1043
1181
879
738
645
1215
474
1117
38
385
132
861
330
669
649
676
788
854
524
968
211
651
591
1727
1048
1174
683
435
1189
904
844
644
1071
623
1450
1899
353
482
632
794
1289
1614
969
1280
972
305
99
1312
143
1018
1012
1060
1522
755
931
1284
740
502
1294
814
804
792
1548
299
1309
1026
1208
1492
1557
308
1411
635
1250
671
1047
1287
1031
1207
1116
1495
940
795
1218
535
1462
837
947
1246
559
882
1269
1033
1291
244
1607
727
855
773
1672
801
882
553
652
1019
932
438
1133
1327
1187
608
597
622
1061
326
1013
1655
533
1581
1311
1589
1334
1079
1295
971
1761
1655
487
1306
239
1017
676
836
864
1244
167
645
187
809
1268
400
1258
842
622
1239
1619
1710
979
1419
1641
1154
1224
470
1294
375
407
1731
1261
858
1051
1357
817
582
289
1712
264
965
1386
1482
565
946
1769
1032
530
1526
1477
1063
747
539
1382
873
601
1165
1175
881
1136
1889
1605
1887
390
374
971
616
1296
887
943
1126
766
1263
1196
999
1246
667
1251
1678
989
1212
1396
820
288
857
747
1599
413
603
1219
1427
1233
1023
1321
1537
1390
544
689
1396
1815
929
1193
1780
991
1159
682
1490
1557
1103
732
262
633
1374
496
998
938
1659
1139
1160
1005
960
1896
1180
901
642
573
1829
994
1123
395
637
1037
1173
969
482
1225
1609
1904
1529
801
812
1099
1420
1662
1087
1569
749
337
1319
1246
835
561
202
756
654
704
180
1187
1029
1169
960
1155
942
1647
1233
840
687
793
849
319
1570
717
872
1254
656
1879
1043
1034
124
597
819
113
1364
879
662
1355
1682
1192
1273
748
675
353
1066
926
446
836
616
295
1056
1222
834
1031
593
800
1277
1481
1507
612
1363
868
1116
1770
492
830
1016
371
997
1918
988
315
1556
1446
983
525
988
227
279
1659
1003
570
1704
1751
885
630
681
1522
884
735
1181
710
401
1192
1215
386
617
1774
638
1062
352
1030
911
808
975
1048
1328
927
1064
711
126
1373
1008
598
592
1482
394
1485
179
1058
792
1388
407
1226
768
1321
1447
1367
511
1034
1364
112
582
1374
1146
925
1316
1844
815
188
1361
1473
1005
1287
817
1071
810
1309
1126
668
1243
426
1619
483
1099
308
647
1043
1492
1769
1137
743
449
617
325
807
958
1028
296
1117
546
1461
470
843
519
1138
1121
1229
809
1039
22
1390
385
1139
998
1113
602
1009
517
1128
1014
1488
1528
1169
788
1228
1688
1103
962
1585
1379
1029
545
521
1565
565
940
231
405
1546
1586
1262
803
1047
949
417
1394
834
1016
704
1823
326
1622
1263
572
1617
580
188
599
1072
1723
1245
655
988
1035
829
1568
1576
1791
922
1638
790
1571
1188
1023
1447
1118
1721
1118
985
1707
1266
1060
1287
1021
532
919
750
976
964
326
1296
556
732
520
1074
291
1842
530
1914
177
619
422
1678
554
715
924
985
1580
1433
744
1623
1459
463
451
1600
1735
976
384
240
1271
637
113
658
1017
694
349
1047
1200
705
709
1447
1663
682
580
818
309
1455
660
74
807
1629
995
1009
1679
1290
1176
1817
838
725
1384
1280
256
991
1095
1078
331
1301
1506
1677
640
1035
1562
1405
1057
636
456
809
1900
632
696
1114
935
1033
1321
1217
1658
516
1222
508
1136
1072
618
1017
1067
1232
1191
514
1325
180
1216
392
1264
700
437
1177
1378
1320
1112
901
430
1085
1575
987
1749
1099
515
312
1729
1342
826
1403
1078
1379
798
984
90
707
1440
976
1725
1138
1328
893
1099
776
1258
1341
463
1054
837
212
302
179
1183
883
1118
1263
418
1253
936
1603
698
1493
678
1263
702
1024
511
572
768
1125
1303
584
517
1108
915
828
275
738
558
1272
805
355
1385
1012
1224
971
1266
1618
1288
797
329
1415
1140
517
829
489
253
1775
1166
873
1375
1108
1365
861
1231
591
801
706
817
1568
1170
618
1440
522
1196
919
345
558
1043
1604
426
1251
1655
1429
867
944
1067
648
369
344
1435
663
619
851
857
629
1764
1170
235
514
655
1300
1751
1574
902
631
1330
605
1840
912
1173
772
1721
1000
529
1415
1114
501
1021
1240
1056
1473
616
442
866
149
1338
839
1072
610
1464
548
593
1255
821
667
862
1718
971
588
1251
1347
739
1399
824
991
1417
1554
795
1117
1074
719
648
204
1887
862
999
741
1253
706
453
1271
1337
843
972
1605
416
1601
889
351
753
894
1464
618
1600
886
41
618
1417
831
1588
760
1045
1362
814
706
1836
411
1141
1888
521
1674
511
370
1186
755
979
940
818
906
1775
806
392
69
1278
810
1012
1861
1124
849
764
1024
1254
829
1185
867
1403
1010
925
941
901
1451
769
243
1391
960
1172
1419
795
1428
386
800
1090
1010
779
661
1085
823
566
699
493
649
952
1342
717
211
623
451
814
1725
734
1492
1532
1058
400
1714
1174
1363
1085
1106
163
938
741
