Correct Results: 323 | Wrong Results: 177

1424
763
917
1117
357
881
1626
647
1765
441
1350
1561
899
640
264
252
1250
1741
789
932
368
690
1246
864
361
1287
768
593
1162
1414
359
1238
395
1654
1037
578
169
1055
1386
442
1576
1531
1290
1289
843
859
1315
455
874
1111
198
1239
1071
1077
600
1156
70
984
970
754
552
990
826
1203
1204
901
1321
1545
1182
1039
843
1286
1510
956
570
806
1512
596
1385
797
1194
1345
1392
1311
893
1963
736
200
902
566
1216
683
1049
1346
978
980
1800
117
1155
748
1612
684
822
1073
440
547
355
702
1040
1070
992
895
1292
1027
833
795
743
637
1887
438
1474
1383
201
1009
1111
1137
909
1230
1071
959
1642
1512
241
1460
1408
1050
866
1594
529
1276
512
1118
574
485
560
895
230
1466
1813
946
1500
1778
266
300
891
1026
439
836
932
656
1465
1548
1715
872
1601
649
1587
790
1096
733
706
1019
1164
1457
1084
1462
1853
427
1427
657
907
1604
1474
506
823
1484
162
1609
1016
471
960
749
541
24
1002
1330
1201
1510
311
1039
341
1487
497
445
1143
1112
1727
415
1397
690
905
974
1268
469
1061
445
1782
205
165
831
1083
1307
1346
955
944
237
619
265
452
1293
1359
430
392
719
510
929
1434
1309
1391
968
1665
1058
1078
1485
1766
713
1309
1137
923
1580
678
971
764
728
702
833
125
944
754
1605
760
1803
531
1323
1469
1842
904
926
592
100
916
1369
295
225
500
1083
945
1147
830
565
1694
1073
1323
629
756
664
564
1382
1744
646
1062
577
1146
1465
542
1496
821
388
1436
1682
392
1235
732
1215
1644
369
1132
1235
403
1332
612
1173
452
1802
988
1123
1171
625
1851
1481
476
1130
1213
386
1532
1051
854
1191
1248
917
1580
793
1367
1567
352
1229
1502
1595
606
714
796
663
1493
752
1178
1306
640
1091
1073
613
1332
462
1670
769
1106
1047
812
1119
324
648
1046
1517
844
1035
1275
1681
1040
835
1141
1021
957
806
1251
312
386
1685
1793
1668
1806
961
491
1407
939
1638
1136
1299
971
493
198
519
1139
727
1178
516
1943
1031
517
1210
1349
1138
281
1297
1391
1182
1471
305
954
728
612
218
862
997
622
733
1316
1355
899
494
1221
1195
746
1020
683
1296
1699
397
1422
586
1338
1560
1338
1118
804
1662
1385
1780
1420
229
1948
1392
942
673
323
1444
827
1430
1006
217
752
442
1782
1044
846
688
513
848
725
1280
1018
1307
1347
1363
692
504
1281
1815
588
1588
979
1297
648
1194
1319
785
640
1191
1229
961
1557
918
1328
983
1560
1871
1862
1067
971
1051
948
1201
810
1363
336
726
1146
593
1249
1654
1171
800
