Correct Results: 126 | Wrong Results: 74

799
1473
1638
1255
909
1601
458
602
620
784
1473
1352
971
1040
1069
1127
1123
1047
1306
713
605
1344
1264
842
1453
1266
1536
1169
1684
1713
1227
1338
1372
1252
688
664
1180
1242
886
834
889
551
950
584
1165
1385
1423
966
893
522
808
1212
1168
583
1043
933
1124
1053
858
1014
383
1255
562
649
804
593
1641
329
1655
910
1669
1483
905
1116
90
859
385
1196
986
1034
1207
626
435
868
903
1834
1265
396
1140
1114
885
551
1266
1782
637
987
482
465
1247
1455
1078
1090
1779
565
468
331
1236
1148
1386
789
698
957
614
594
1081
1132
881
643
544
1113
1759
1432
119
993
773
1304
893
890
820
966
1542
487
350
709
935
1366
839
748
1504
1207
491
1354
1453
278
963
1458
837
915
1620
1379
412
687
1365
1108
1158
1509
739
1281
1881
1615
1264
794
1680
1004
1269
780
685
429
765
1073
1371
640
1133
256
622
1099
969
977
884
436
771
1518
1106
445
403
1075
622
933
1036
989
1265
650
575
1723
1121
1559
429
1775
693
936
